utc_timestamp,cet_cest_timestamp,UK_wind_offshore_generation_actual,UK_wind_onshore_generation_actual
2014-12-31T23:00:00Z,2015-01-01T00:00:00+0100,51,342
2015-01-01T00:00:00Z,2015-01-01T01:00:00+0100,0,429
2015-01-01T01:00:00Z,2015-01-01T02:00:00+0100,117,1087
2015-01-01T02:00:00Z,2015-01-01T03:00:00+0100,120,1065
2015-01-01T03:00:00Z,2015-01-01T04:00:00+0100,115,973
2015-01-01T04:00:00Z,2015-01-01T05:00:00+0100,114,968
2015-01-01T05:00:00Z,2015-01-01T06:00:00+0100,109,960
2015-01-01T06:00:00Z,2015-01-01T07:00:00+0100,106,977
2015-01-01T07:00:00Z,2015-01-01T08:00:00+0100,111,989
2015-01-01T08:00:00Z,2015-01-01T09:00:00+0100,127,1022
2015-01-01T09:00:00Z,2015-01-01T10:00:00+0100,134,1020
2015-01-01T10:00:00Z,2015-01-01T11:00:00+0100,142,1115
2015-01-01T11:00:00Z,2015-01-01T12:00:00+0100,146,1148
2015-01-01T12:00:00Z,2015-01-01T13:00:00+0100,157,1199
2015-01-01T13:00:00Z,2015-01-01T14:00:00+0100,161,1232
2015-01-01T14:00:00Z,2015-01-01T15:00:00+0100,165,1263
2015-01-01T15:00:00Z,2015-01-01T16:00:00+0100,160,1241
2015-01-01T16:00:00Z,2015-01-01T17:00:00+0100,168,1311
2015-01-01T17:00:00Z,2015-01-01T18:00:00+0100,172,1280
2015-01-01T18:00:00Z,2015-01-01T19:00:00+0100,178,1244
2015-01-01T19:00:00Z,2015-01-01T20:00:00+0100,184,1259
2015-01-01T20:00:00Z,2015-01-01T21:00:00+0100,183,1267
2015-01-01T21:00:00Z,2015-01-01T22:00:00+0100,176,1264
2015-01-01T22:00:00Z,2015-01-01T23:00:00+0100,178,1411
2015-01-01T23:00:00Z,2015-01-02T00:00:00+0100,89,973
2015-01-02T00:00:00Z,2015-01-02T01:00:00+0100,0,505
2015-01-02T01:00:00Z,2015-01-02T02:00:00+0100,179,1421
2015-01-02T02:00:00Z,2015-01-02T03:00:00+0100,178,1419
2015-01-02T03:00:00Z,2015-01-02T04:00:00+0100,173,1361
2015-01-02T04:00:00Z,2015-01-02T05:00:00+0100,171,1351
2015-01-02T05:00:00Z,2015-01-02T06:00:00+0100,169,1320
2015-01-02T06:00:00Z,2015-01-02T07:00:00+0100,168,1284
2015-01-02T07:00:00Z,2015-01-02T08:00:00+0100,167,1251
2015-01-02T08:00:00Z,2015-01-02T09:00:00+0100,160,1199
2015-01-02T09:00:00Z,2015-01-02T10:00:00+0100,157,1192
2015-01-02T10:00:00Z,2015-01-02T11:00:00+0100,156,1174
2015-01-02T11:00:00Z,2015-01-02T12:00:00+0100,156,1242
2015-01-02T12:00:00Z,2015-01-02T13:00:00+0100,156,1186
2015-01-02T13:00:00Z,2015-01-02T14:00:00+0100,152,1116
2015-01-02T14:00:00Z,2015-01-02T15:00:00+0100,149,1122
2015-01-02T15:00:00Z,2015-01-02T16:00:00+0100,149,1104
2015-01-02T16:00:00Z,2015-01-02T17:00:00+0100,134,1044
2015-01-02T17:00:00Z,2015-01-02T18:00:00+0100,129,1033
2015-01-02T18:00:00Z,2015-01-02T19:00:00+0100,119,1018
2015-01-02T19:00:00Z,2015-01-02T20:00:00+0100,115,1055
2015-01-02T20:00:00Z,2015-01-02T21:00:00+0100,114,1104
2015-01-02T21:00:00Z,2015-01-02T22:00:00+0100,104,1077
2015-01-02T22:00:00Z,2015-01-02T23:00:00+0100,102,1041
2015-01-02T23:00:00Z,2015-01-03T00:00:00+0100,50,666
2015-01-03T00:00:00Z,2015-01-03T01:00:00+0100,0,285
2015-01-03T01:00:00Z,2015-01-03T02:00:00+0100,92,819
2015-01-03T02:00:00Z,2015-01-03T03:00:00+0100,93,719
2015-01-03T03:00:00Z,2015-01-03T04:00:00+0100,92,603
2015-01-03T04:00:00Z,2015-01-03T05:00:00+0100,87,548
2015-01-03T05:00:00Z,2015-01-03T06:00:00+0100,75,421
2015-01-03T06:00:00Z,2015-01-03T07:00:00+0100,69,348
2015-01-03T07:00:00Z,2015-01-03T08:00:00+0100,57,337
2015-01-03T08:00:00Z,2015-01-03T09:00:00+0100,41,349
2015-01-03T09:00:00Z,2015-01-03T10:00:00+0100,51,330
2015-01-03T10:00:00Z,2015-01-03T11:00:00+0100,44,294
2015-01-03T11:00:00Z,2015-01-03T12:00:00+0100,41,296
2015-01-03T12:00:00Z,2015-01-03T13:00:00+0100,39,312
2015-01-03T13:00:00Z,2015-01-03T14:00:00+0100,32,316
2015-01-03T14:00:00Z,2015-01-03T15:00:00+0100,29,307
2015-01-03T15:00:00Z,2015-01-03T16:00:00+0100,36,294
2015-01-03T16:00:00Z,2015-01-03T17:00:00+0100,42,278
2015-01-03T17:00:00Z,2015-01-03T18:00:00+0100,52,238
2015-01-03T18:00:00Z,2015-01-03T19:00:00+0100,56,213
2015-01-03T19:00:00Z,2015-01-03T20:00:00+0100,61,190
2015-01-03T20:00:00Z,2015-01-03T21:00:00+0100,60,191
2015-01-03T21:00:00Z,2015-01-03T22:00:00+0100,59,182
2015-01-03T22:00:00Z,2015-01-03T23:00:00+0100,55,190
2015-01-03T23:00:00Z,2015-01-04T00:00:00+0100,25,134
2015-01-04T00:00:00Z,2015-01-04T01:00:00+0100,0,144
2015-01-04T01:00:00Z,2015-01-04T02:00:00+0100,39,323
2015-01-04T02:00:00Z,2015-01-04T03:00:00+0100,36,296
2015-01-04T03:00:00Z,2015-01-04T04:00:00+0100,34,273
2015-01-04T04:00:00Z,2015-01-04T05:00:00+0100,29,258
2015-01-04T05:00:00Z,2015-01-04T06:00:00+0100,27,252
2015-01-04T06:00:00Z,2015-01-04T07:00:00+0100,27,275
2015-01-04T07:00:00Z,2015-01-04T08:00:00+0100,25,292
2015-01-04T08:00:00Z,2015-01-04T09:00:00+0100,24,332
2015-01-04T09:00:00Z,2015-01-04T10:00:00+0100,22,377
2015-01-04T10:00:00Z,2015-01-04T11:00:00+0100,21,359
2015-01-04T11:00:00Z,2015-01-04T12:00:00+0100,17,414
2015-01-04T12:00:00Z,2015-01-04T13:00:00+0100,16,471
2015-01-04T13:00:00Z,2015-01-04T14:00:00+0100,15,529
2015-01-04T14:00:00Z,2015-01-04T15:00:00+0100,16,552
2015-01-04T15:00:00Z,2015-01-04T16:00:00+0100,18,555
2015-01-04T16:00:00Z,2015-01-04T17:00:00+0100,19,570
2015-01-04T17:00:00Z,2015-01-04T18:00:00+0100,21,622
2015-01-04T18:00:00Z,2015-01-04T19:00:00+0100,23,640
2015-01-04T19:00:00Z,2015-01-04T20:00:00+0100,22,631
2015-01-04T20:00:00Z,2015-01-04T21:00:00+0100,20,635
2015-01-04T21:00:00Z,2015-01-04T22:00:00+0100,21,598
2015-01-04T22:00:00Z,2015-01-04T23:00:00+0100,27,588
2015-01-04T23:00:00Z,2015-01-05T00:00:00+0100,13,391
2015-01-05T00:00:00Z,2015-01-05T01:00:00+0100,686,2017
2015-01-05T01:00:00Z,2015-01-05T02:00:00+0100,804,2162
2015-01-05T02:00:00Z,2015-01-05T03:00:00+0100,906,2199
2015-01-05T03:00:00Z,2015-01-05T04:00:00+0100,849,2181
2015-01-05T04:00:00Z,2015-01-05T05:00:00+0100,834,2186
2015-01-05T05:00:00Z,2015-01-05T06:00:00+0100,906,2041
2015-01-05T06:00:00Z,2015-01-05T07:00:00+0100,936,2008
2015-01-05T07:00:00Z,2015-01-05T08:00:00+0100,960,2199
2015-01-05T08:00:00Z,2015-01-05T09:00:00+0100,1267,2269
2015-01-05T09:00:00Z,2015-01-05T10:00:00+0100,1321,2358
2015-01-05T10:00:00Z,2015-01-05T11:00:00+0100,1570,2288
2015-01-05T11:00:00Z,2015-01-05T12:00:00+0100,1715,2482
2015-01-05T12:00:00Z,2015-01-05T13:00:00+0100,1636,2349
2015-01-05T13:00:00Z,2015-01-05T14:00:00+0100,1520,2493
2015-01-05T14:00:00Z,2015-01-05T15:00:00+0100,1432,2561
2015-01-05T15:00:00Z,2015-01-05T16:00:00+0100,1463,2701
2015-01-05T16:00:00Z,2015-01-05T17:00:00+0100,1522,2718
2015-01-05T17:00:00Z,2015-01-05T18:00:00+0100,1656,2863
2015-01-05T18:00:00Z,2015-01-05T19:00:00+0100,1526,2943
2015-01-05T19:00:00Z,2015-01-05T20:00:00+0100,1234,3306
2015-01-05T20:00:00Z,2015-01-05T21:00:00+0100,1311,3029
2015-01-05T21:00:00Z,2015-01-05T22:00:00+0100,1372,3015
2015-01-05T22:00:00Z,2015-01-05T23:00:00+0100,1428,2862
2015-01-05T23:00:00Z,2015-01-06T00:00:00+0100,1422,2759
2015-01-06T00:00:00Z,2015-01-06T01:00:00+0100,1592,2855
2015-01-06T01:00:00Z,2015-01-06T02:00:00+0100,1834,2946
2015-01-06T02:00:00Z,2015-01-06T03:00:00+0100,2116,3036
2015-01-06T03:00:00Z,2015-01-06T04:00:00+0100,2262,2891
2015-01-06T04:00:00Z,2015-01-06T05:00:00+0100,2220,2976
2015-01-06T05:00:00Z,2015-01-06T06:00:00+0100,2418,2969
2015-01-06T06:00:00Z,2015-01-06T07:00:00+0100,2461,2785
2015-01-06T07:00:00Z,2015-01-06T08:00:00+0100,2508,2433
2015-01-06T08:00:00Z,2015-01-06T09:00:00+0100,2671,2458
2015-01-06T09:00:00Z,2015-01-06T10:00:00+0100,2879,2508
2015-01-06T10:00:00Z,2015-01-06T11:00:00+0100,2698,2814
2015-01-06T11:00:00Z,2015-01-06T12:00:00+0100,2747,2884
2015-01-06T12:00:00Z,2015-01-06T13:00:00+0100,2956,2492
2015-01-06T13:00:00Z,2015-01-06T14:00:00+0100,2746,2531
2015-01-06T14:00:00Z,2015-01-06T15:00:00+0100,2814,2414
2015-01-06T15:00:00Z,2015-01-06T16:00:00+0100,2773,2199
2015-01-06T16:00:00Z,2015-01-06T17:00:00+0100,2604,2173
2015-01-06T17:00:00Z,2015-01-06T18:00:00+0100,2427,1990
2015-01-06T18:00:00Z,2015-01-06T19:00:00+0100,2346,2007
2015-01-06T19:00:00Z,2015-01-06T20:00:00+0100,2154,1885
2015-01-06T20:00:00Z,2015-01-06T21:00:00+0100,1981,1774
2015-01-06T21:00:00Z,2015-01-06T22:00:00+0100,2130,2231
2015-01-06T22:00:00Z,2015-01-06T23:00:00+0100,1677,2433
2015-01-06T23:00:00Z,2015-01-07T00:00:00+0100,1708,2620
2015-01-07T00:00:00Z,2015-01-07T01:00:00+0100,1714,2798
2015-01-07T01:00:00Z,2015-01-07T02:00:00+0100,1586,2856
2015-01-07T02:00:00Z,2015-01-07T03:00:00+0100,1610,2778
2015-01-07T03:00:00Z,2015-01-07T04:00:00+0100,1680,2837
2015-01-07T04:00:00Z,2015-01-07T05:00:00+0100,1878,2755
2015-01-07T05:00:00Z,2015-01-07T06:00:00+0100,2150,2696
2015-01-07T06:00:00Z,2015-01-07T07:00:00+0100,2286,2817
2015-01-07T07:00:00Z,2015-01-07T08:00:00+0100,2596,3162
2015-01-07T08:00:00Z,2015-01-07T09:00:00+0100,2814,3532
2015-01-07T09:00:00Z,2015-01-07T10:00:00+0100,2959,3767
2015-01-07T10:00:00Z,2015-01-07T11:00:00+0100,2984,3896
2015-01-07T11:00:00Z,2015-01-07T12:00:00+0100,3031,4096
2015-01-07T12:00:00Z,2015-01-07T13:00:00+0100,3166,4303
2015-01-07T13:00:00Z,2015-01-07T14:00:00+0100,3263,4386
2015-01-07T14:00:00Z,2015-01-07T15:00:00+0100,3365,4375
2015-01-07T15:00:00Z,2015-01-07T16:00:00+0100,3408,4374
2015-01-07T16:00:00Z,2015-01-07T17:00:00+0100,3410,4686
2015-01-07T17:00:00Z,2015-01-07T18:00:00+0100,3345,4689
2015-01-07T18:00:00Z,2015-01-07T19:00:00+0100,3263,4594
2015-01-07T19:00:00Z,2015-01-07T20:00:00+0100,3380,4393
2015-01-07T20:00:00Z,2015-01-07T21:00:00+0100,3382,4284
2015-01-07T21:00:00Z,2015-01-07T22:00:00+0100,3380,3902
2015-01-07T22:00:00Z,2015-01-07T23:00:00+0100,3410,3760
2015-01-07T23:00:00Z,2015-01-08T00:00:00+0100,3395,3474
2015-01-08T00:00:00Z,2015-01-08T01:00:00+0100,3422,3146
2015-01-08T01:00:00Z,2015-01-08T02:00:00+0100,3392,3031
2015-01-08T02:00:00Z,2015-01-08T03:00:00+0100,3292,2836
2015-01-08T03:00:00Z,2015-01-08T04:00:00+0100,3340,2830
2015-01-08T04:00:00Z,2015-01-08T05:00:00+0100,3350,2718
2015-01-08T05:00:00Z,2015-01-08T06:00:00+0100,3158,2678
2015-01-08T06:00:00Z,2015-01-08T07:00:00+0100,2756,3151
2015-01-08T07:00:00Z,2015-01-08T08:00:00+0100,2606,3182
2015-01-08T08:00:00Z,2015-01-08T09:00:00+0100,2290,3377
2015-01-08T09:00:00Z,2015-01-08T10:00:00+0100,1964,3372
2015-01-08T10:00:00Z,2015-01-08T11:00:00+0100,1802,3300
2015-01-08T11:00:00Z,2015-01-08T12:00:00+0100,1826,3114
2015-01-08T12:00:00Z,2015-01-08T13:00:00+0100,2008,3342
2015-01-08T13:00:00Z,2015-01-08T14:00:00+0100,1848,3520
2015-01-08T14:00:00Z,2015-01-08T15:00:00+0100,2108,3520
2015-01-08T15:00:00Z,2015-01-08T16:00:00+0100,2254,3502
2015-01-08T16:00:00Z,2015-01-08T17:00:00+0100,2760,3501
2015-01-08T17:00:00Z,2015-01-08T18:00:00+0100,2989,3423
2015-01-08T18:00:00Z,2015-01-08T19:00:00+0100,3162,3533
2015-01-08T19:00:00Z,2015-01-08T20:00:00+0100,3314,3856
2015-01-08T20:00:00Z,2015-01-08T21:00:00+0100,3352,3744
2015-01-08T21:00:00Z,2015-01-08T22:00:00+0100,3170,3418
2015-01-08T22:00:00Z,2015-01-08T23:00:00+0100,3256,3325
2015-01-08T23:00:00Z,2015-01-09T00:00:00+0100,2684,3019
2015-01-09T00:00:00Z,2015-01-09T01:00:00+0100,2466,2845
2015-01-09T01:00:00Z,2015-01-09T02:00:00+0100,2841,2761
2015-01-09T02:00:00Z,2015-01-09T03:00:00+0100,3005,2665
2015-01-09T03:00:00Z,2015-01-09T04:00:00+0100,3156,2266
2015-01-09T04:00:00Z,2015-01-09T05:00:00+0100,3266,2088
2015-01-09T05:00:00Z,2015-01-09T06:00:00+0100,3164,2042
2015-01-09T06:00:00Z,2015-01-09T07:00:00+0100,3326,2495
2015-01-09T07:00:00Z,2015-01-09T08:00:00+0100,3474,2988
2015-01-09T08:00:00Z,2015-01-09T09:00:00+0100,3488,3272
2015-01-09T09:00:00Z,2015-01-09T10:00:00+0100,3471,3441
2015-01-09T10:00:00Z,2015-01-09T11:00:00+0100,3397,3362
2015-01-09T11:00:00Z,2015-01-09T12:00:00+0100,3145,3362
2015-01-09T12:00:00Z,2015-01-09T13:00:00+0100,3178,3401
2015-01-09T13:00:00Z,2015-01-09T14:00:00+0100,3273,3376
2015-01-09T14:00:00Z,2015-01-09T15:00:00+0100,3383,2979
2015-01-09T15:00:00Z,2015-01-09T16:00:00+0100,3382,2827
2015-01-09T16:00:00Z,2015-01-09T17:00:00+0100,3418,3113
2015-01-09T17:00:00Z,2015-01-09T18:00:00+0100,3442,3504
2015-01-09T18:00:00Z,2015-01-09T19:00:00+0100,3449,4000
2015-01-09T19:00:00Z,2015-01-09T20:00:00+0100,3456,4168
2015-01-09T20:00:00Z,2015-01-09T21:00:00+0100,3480,4222
2015-01-09T21:00:00Z,2015-01-09T22:00:00+0100,3425,4139
2015-01-09T22:00:00Z,2015-01-09T23:00:00+0100,3335,3841
2015-01-09T23:00:00Z,2015-01-10T00:00:00+0100,3366,3950
2015-01-10T00:00:00Z,2015-01-10T01:00:00+0100,3272,3708
2015-01-10T01:00:00Z,2015-01-10T02:00:00+0100,3174,3628
2015-01-10T02:00:00Z,2015-01-10T03:00:00+0100,2827,3492
2015-01-10T03:00:00Z,2015-01-10T04:00:00+0100,2624,3066
2015-01-10T04:00:00Z,2015-01-10T05:00:00+0100,2512,2824
2015-01-10T05:00:00Z,2015-01-10T06:00:00+0100,2608,2805
2015-01-10T06:00:00Z,2015-01-10T07:00:00+0100,3137,2959
2015-01-10T07:00:00Z,2015-01-10T08:00:00+0100,3181,3010
2015-01-10T08:00:00Z,2015-01-10T09:00:00+0100,3072,3591
2015-01-10T09:00:00Z,2015-01-10T10:00:00+0100,3020,3712
2015-01-10T10:00:00Z,2015-01-10T11:00:00+0100,3107,3934
2015-01-10T11:00:00Z,2015-01-10T12:00:00+0100,3206,4038
2015-01-10T12:00:00Z,2015-01-10T13:00:00+0100,3338,4170
2015-01-10T13:00:00Z,2015-01-10T14:00:00+0100,3382,4207
2015-01-10T14:00:00Z,2015-01-10T15:00:00+0100,3409,4245
2015-01-10T15:00:00Z,2015-01-10T16:00:00+0100,3432,4111
2015-01-10T16:00:00Z,2015-01-10T17:00:00+0100,3420,3987
2015-01-10T17:00:00Z,2015-01-10T18:00:00+0100,3419,3968
2015-01-10T18:00:00Z,2015-01-10T19:00:00+0100,3410,3821
2015-01-10T19:00:00Z,2015-01-10T20:00:00+0100,3385,3714
2015-01-10T20:00:00Z,2015-01-10T21:00:00+0100,3369,3675
2015-01-10T21:00:00Z,2015-01-10T22:00:00+0100,3373,3609
2015-01-10T22:00:00Z,2015-01-10T23:00:00+0100,3376,3726
2015-01-10T23:00:00Z,2015-01-11T00:00:00+0100,3376,3723
2015-01-11T00:00:00Z,2015-01-11T01:00:00+0100,3376,3441
2015-01-11T01:00:00Z,2015-01-11T02:00:00+0100,3388,3328
2015-01-11T02:00:00Z,2015-01-11T03:00:00+0100,3398,3304
2015-01-11T03:00:00Z,2015-01-11T04:00:00+0100,3400,3297
2015-01-11T04:00:00Z,2015-01-11T05:00:00+0100,3395,3233
2015-01-11T05:00:00Z,2015-01-11T06:00:00+0100,3400,3212
2015-01-11T06:00:00Z,2015-01-11T07:00:00+0100,3394,3274
2015-01-11T07:00:00Z,2015-01-11T08:00:00+0100,3396,3337
2015-01-11T08:00:00Z,2015-01-11T09:00:00+0100,3402,3236
2015-01-11T09:00:00Z,2015-01-11T10:00:00+0100,3405,3343
2015-01-11T10:00:00Z,2015-01-11T11:00:00+0100,3385,3726
2015-01-11T11:00:00Z,2015-01-11T12:00:00+0100,3383,3845
2015-01-11T12:00:00Z,2015-01-11T13:00:00+0100,3380,4002
2015-01-11T13:00:00Z,2015-01-11T14:00:00+0100,3388,4097
2015-01-11T14:00:00Z,2015-01-11T15:00:00+0100,3376,4136
2015-01-11T15:00:00Z,2015-01-11T16:00:00+0100,3358,4248
2015-01-11T16:00:00Z,2015-01-11T17:00:00+0100,3352,4313
2015-01-11T17:00:00Z,2015-01-11T18:00:00+0100,3363,4318
2015-01-11T18:00:00Z,2015-01-11T19:00:00+0100,3390,4348
2015-01-11T19:00:00Z,2015-01-11T20:00:00+0100,3390,4357
2015-01-11T20:00:00Z,2015-01-11T21:00:00+0100,3390,4265
2015-01-11T21:00:00Z,2015-01-11T22:00:00+0100,3389,3887
2015-01-11T22:00:00Z,2015-01-11T23:00:00+0100,3384,3577
2015-01-11T23:00:00Z,2015-01-12T00:00:00+0100,3379,3310
2015-01-12T00:00:00Z,2015-01-12T01:00:00+0100,3392,3162
2015-01-12T01:00:00Z,2015-01-12T02:00:00+0100,3336,3160
2015-01-12T02:00:00Z,2015-01-12T03:00:00+0100,3257,3181
2015-01-12T03:00:00Z,2015-01-12T04:00:00+0100,3191,3147
2015-01-12T04:00:00Z,2015-01-12T05:00:00+0100,2983,3042
2015-01-12T05:00:00Z,2015-01-12T06:00:00+0100,2928,3030
2015-01-12T06:00:00Z,2015-01-12T07:00:00+0100,2666,3365
2015-01-12T07:00:00Z,2015-01-12T08:00:00+0100,2732,3644
2015-01-12T08:00:00Z,2015-01-12T09:00:00+0100,3075,3777
2015-01-12T09:00:00Z,2015-01-12T10:00:00+0100,3287,3878
2015-01-12T10:00:00Z,2015-01-12T11:00:00+0100,3360,4108
2015-01-12T11:00:00Z,2015-01-12T12:00:00+0100,3374,4186
2015-01-12T12:00:00Z,2015-01-12T13:00:00+0100,3416,4233
2015-01-12T13:00:00Z,2015-01-12T14:00:00+0100,3419,4246
2015-01-12T14:00:00Z,2015-01-12T15:00:00+0100,3388,4042
2015-01-12T15:00:00Z,2015-01-12T16:00:00+0100,3276,3641
2015-01-12T16:00:00Z,2015-01-12T17:00:00+0100,2898,3413
2015-01-12T17:00:00Z,2015-01-12T18:00:00+0100,2302,3278
2015-01-12T18:00:00Z,2015-01-12T19:00:00+0100,2456,3391
2015-01-12T19:00:00Z,2015-01-12T20:00:00+0100,2580,3487
2015-01-12T20:00:00Z,2015-01-12T21:00:00+0100,2428,3685
2015-01-12T21:00:00Z,2015-01-12T22:00:00+0100,2525,3483
2015-01-12T22:00:00Z,2015-01-12T23:00:00+0100,2646,3194
2015-01-12T23:00:00Z,2015-01-13T00:00:00+0100,2772,2924
2015-01-13T00:00:00Z,2015-01-13T01:00:00+0100,2902,2901
2015-01-13T01:00:00Z,2015-01-13T02:00:00+0100,3144,2873
2015-01-13T02:00:00Z,2015-01-13T03:00:00+0100,3064,2568
2015-01-13T03:00:00Z,2015-01-13T04:00:00+0100,3041,2462
2015-01-13T04:00:00Z,2015-01-13T05:00:00+0100,3052,2424
2015-01-13T05:00:00Z,2015-01-13T06:00:00+0100,3146,2518
2015-01-13T06:00:00Z,2015-01-13T07:00:00+0100,3196,2828
2015-01-13T07:00:00Z,2015-01-13T08:00:00+0100,3202,2963
2015-01-13T08:00:00Z,2015-01-13T09:00:00+0100,3150,3102
2015-01-13T09:00:00Z,2015-01-13T10:00:00+0100,2702,3128
2015-01-13T10:00:00Z,2015-01-13T11:00:00+0100,2114,3068
2015-01-13T11:00:00Z,2015-01-13T12:00:00+0100,2086,3169
2015-01-13T12:00:00Z,2015-01-13T13:00:00+0100,2040,3365
2015-01-13T13:00:00Z,2015-01-13T14:00:00+0100,2368,3465
2015-01-13T14:00:00Z,2015-01-13T15:00:00+0100,2656,3506
2015-01-13T15:00:00Z,2015-01-13T16:00:00+0100,2865,3413
2015-01-13T16:00:00Z,2015-01-13T17:00:00+0100,2826,3335
2015-01-13T17:00:00Z,2015-01-13T18:00:00+0100,2954,3391
2015-01-13T18:00:00Z,2015-01-13T19:00:00+0100,3044,3332
2015-01-13T19:00:00Z,2015-01-13T20:00:00+0100,2529,3611
2015-01-13T20:00:00Z,2015-01-13T21:00:00+0100,2768,3244
2015-01-13T21:00:00Z,2015-01-13T22:00:00+0100,3068,3267
2015-01-13T22:00:00Z,2015-01-13T23:00:00+0100,2904,3662
2015-01-13T23:00:00Z,2015-01-14T00:00:00+0100,3242,3265
2015-01-14T00:00:00Z,2015-01-14T01:00:00+0100,3351,3362
2015-01-14T01:00:00Z,2015-01-14T02:00:00+0100,3286,3347
2015-01-14T02:00:00Z,2015-01-14T03:00:00+0100,3098,3364
2015-01-14T03:00:00Z,2015-01-14T04:00:00+0100,3038,3227
2015-01-14T04:00:00Z,2015-01-14T05:00:00+0100,3148,3024
2015-01-14T05:00:00Z,2015-01-14T06:00:00+0100,3302,2970
2015-01-14T06:00:00Z,2015-01-14T07:00:00+0100,3344,3186
2015-01-14T07:00:00Z,2015-01-14T08:00:00+0100,3372,3540
2015-01-14T08:00:00Z,2015-01-14T09:00:00+0100,3289,3584
2015-01-14T09:00:00Z,2015-01-14T10:00:00+0100,3356,3849
2015-01-14T10:00:00Z,2015-01-14T11:00:00+0100,3362,3846
2015-01-14T11:00:00Z,2015-01-14T12:00:00+0100,3348,3744
2015-01-14T12:00:00Z,2015-01-14T13:00:00+0100,3310,3777
2015-01-14T13:00:00Z,2015-01-14T14:00:00+0100,3236,3722
2015-01-14T14:00:00Z,2015-01-14T15:00:00+0100,3242,3717
2015-01-14T15:00:00Z,2015-01-14T16:00:00+0100,3170,3813
2015-01-14T16:00:00Z,2015-01-14T17:00:00+0100,3254,3867
2015-01-14T17:00:00Z,2015-01-14T18:00:00+0100,3120,4063
2015-01-14T18:00:00Z,2015-01-14T19:00:00+0100,3192,4276
2015-01-14T19:00:00Z,2015-01-14T20:00:00+0100,3247,4129
2015-01-14T20:00:00Z,2015-01-14T21:00:00+0100,3250,4054
2015-01-14T21:00:00Z,2015-01-14T22:00:00+0100,2978,4652
2015-01-14T22:00:00Z,2015-01-14T23:00:00+0100,3248,3922
2015-01-14T23:00:00Z,2015-01-15T00:00:00+0100,3092,4151
2015-01-15T00:00:00Z,2015-01-15T01:00:00+0100,3186,3958
2015-01-15T01:00:00Z,2015-01-15T02:00:00+0100,2950,3917
2015-01-15T02:00:00Z,2015-01-15T03:00:00+0100,2925,4144
2015-01-15T03:00:00Z,2015-01-15T04:00:00+0100,2835,4152
2015-01-15T04:00:00Z,2015-01-15T05:00:00+0100,2894,4070
2015-01-15T05:00:00Z,2015-01-15T06:00:00+0100,3108,3950
2015-01-15T06:00:00Z,2015-01-15T07:00:00+0100,3108,3951
2015-01-15T07:00:00Z,2015-01-15T08:00:00+0100,3150,3818
2015-01-15T08:00:00Z,2015-01-15T09:00:00+0100,3144,3507
2015-01-15T09:00:00Z,2015-01-15T10:00:00+0100,3192,3271
2015-01-15T10:00:00Z,2015-01-15T11:00:00+0100,3148,3006
2015-01-15T11:00:00Z,2015-01-15T12:00:00+0100,2785,3814
2015-01-15T12:00:00Z,2015-01-15T13:00:00+0100,2402,4631
2015-01-15T13:00:00Z,2015-01-15T14:00:00+0100,2360,4711
2015-01-15T14:00:00Z,2015-01-15T15:00:00+0100,2348,5081
2015-01-15T15:00:00Z,2015-01-15T16:00:00+0100,2294,5728
2015-01-15T16:00:00Z,2015-01-15T17:00:00+0100,2173,5799
2015-01-15T17:00:00Z,2015-01-15T18:00:00+0100,2590,4061
2015-01-15T18:00:00Z,2015-01-15T19:00:00+0100,2918,4111
2015-01-15T19:00:00Z,2015-01-15T20:00:00+0100,3232,4229
2015-01-15T20:00:00Z,2015-01-15T21:00:00+0100,3126,4169
2015-01-15T21:00:00Z,2015-01-15T22:00:00+0100,3360,4237
2015-01-15T22:00:00Z,2015-01-15T23:00:00+0100,3386,4207
2015-01-15T23:00:00Z,2015-01-16T00:00:00+0100,3392,4144
2015-01-16T00:00:00Z,2015-01-16T01:00:00+0100,3372,4034
2015-01-16T01:00:00Z,2015-01-16T02:00:00+0100,3304,3858
2015-01-16T02:00:00Z,2015-01-16T03:00:00+0100,3314,3659
2015-01-16T03:00:00Z,2015-01-16T04:00:00+0100,3296,3446
2015-01-16T04:00:00Z,2015-01-16T05:00:00+0100,3328,3179
2015-01-16T05:00:00Z,2015-01-16T06:00:00+0100,3216,2906
2015-01-16T06:00:00Z,2015-01-16T07:00:00+0100,3062,2740
2015-01-16T07:00:00Z,2015-01-16T08:00:00+0100,2806,2643
2015-01-16T08:00:00Z,2015-01-16T09:00:00+0100,2502,2680
2015-01-16T09:00:00Z,2015-01-16T10:00:00+0100,2190,2568
2015-01-16T10:00:00Z,2015-01-16T11:00:00+0100,2285,2615
2015-01-16T11:00:00Z,2015-01-16T12:00:00+0100,1911,2823
2015-01-16T12:00:00Z,2015-01-16T13:00:00+0100,1866,2687
2015-01-16T13:00:00Z,2015-01-16T14:00:00+0100,1816,2861
2015-01-16T14:00:00Z,2015-01-16T15:00:00+0100,1660,2947
2015-01-16T15:00:00Z,2015-01-16T16:00:00+0100,1824,3090
2015-01-16T16:00:00Z,2015-01-16T17:00:00+0100,1842,2858
2015-01-16T17:00:00Z,2015-01-16T18:00:00+0100,2032,2776
2015-01-16T18:00:00Z,2015-01-16T19:00:00+0100,2342,2829
2015-01-16T19:00:00Z,2015-01-16T20:00:00+0100,2382,2754
2015-01-16T20:00:00Z,2015-01-16T21:00:00+0100,2231,2468
2015-01-16T21:00:00Z,2015-01-16T22:00:00+0100,2358,2433
2015-01-16T22:00:00Z,2015-01-16T23:00:00+0100,2372,2419
2015-01-16T23:00:00Z,2015-01-17T00:00:00+0100,2271,2331
2015-01-17T00:00:00Z,2015-01-17T01:00:00+0100,2164,2355
2015-01-17T01:00:00Z,2015-01-17T02:00:00+0100,2262,2156
2015-01-17T02:00:00Z,2015-01-17T03:00:00+0100,2302,1903
2015-01-17T03:00:00Z,2015-01-17T04:00:00+0100,2122,1852
2015-01-17T04:00:00Z,2015-01-17T05:00:00+0100,2176,1805
2015-01-17T05:00:00Z,2015-01-17T06:00:00+0100,2310,1752
2015-01-17T06:00:00Z,2015-01-17T07:00:00+0100,2456,1791
2015-01-17T07:00:00Z,2015-01-17T08:00:00+0100,2566,1806
2015-01-17T08:00:00Z,2015-01-17T09:00:00+0100,2810,1707
2015-01-17T09:00:00Z,2015-01-17T10:00:00+0100,2975,1692
2015-01-17T10:00:00Z,2015-01-17T11:00:00+0100,3002,1661
2015-01-17T11:00:00Z,2015-01-17T12:00:00+0100,2946,1542
2015-01-17T12:00:00Z,2015-01-17T13:00:00+0100,2862,1447
2015-01-17T13:00:00Z,2015-01-17T14:00:00+0100,2762,1341
2015-01-17T14:00:00Z,2015-01-17T15:00:00+0100,2822,1317
2015-01-17T15:00:00Z,2015-01-17T16:00:00+0100,2570,1290
2015-01-17T16:00:00Z,2015-01-17T17:00:00+0100,2384,1236
2015-01-17T17:00:00Z,2015-01-17T18:00:00+0100,2220,1169
2015-01-17T18:00:00Z,2015-01-17T19:00:00+0100,2098,1144
2015-01-17T19:00:00Z,2015-01-17T20:00:00+0100,2006,1047
2015-01-17T20:00:00Z,2015-01-17T21:00:00+0100,1772,1031
2015-01-17T21:00:00Z,2015-01-17T22:00:00+0100,1468,974
2015-01-17T22:00:00Z,2015-01-17T23:00:00+0100,1260,927
2015-01-17T23:00:00Z,2015-01-18T00:00:00+0100,898,942
2015-01-18T00:00:00Z,2015-01-18T01:00:00+0100,727,1092
2015-01-18T01:00:00Z,2015-01-18T02:00:00+0100,724,1327
2015-01-18T02:00:00Z,2015-01-18T03:00:00+0100,617,1485
2015-01-18T03:00:00Z,2015-01-18T04:00:00+0100,437,1853
2015-01-18T04:00:00Z,2015-01-18T05:00:00+0100,218,1633
2015-01-18T05:00:00Z,2015-01-18T06:00:00+0100,226,1818
2015-01-18T06:00:00Z,2015-01-18T07:00:00+0100,224,2112
2015-01-18T07:00:00Z,2015-01-18T08:00:00+0100,226,2446
2015-01-18T08:00:00Z,2015-01-18T09:00:00+0100,214,2676
2015-01-18T09:00:00Z,2015-01-18T10:00:00+0100,316,2597
2015-01-18T10:00:00Z,2015-01-18T11:00:00+0100,488,2619
2015-01-18T11:00:00Z,2015-01-18T12:00:00+0100,826,2679
2015-01-18T12:00:00Z,2015-01-18T13:00:00+0100,1248,2646
2015-01-18T13:00:00Z,2015-01-18T14:00:00+0100,1462,2566
2015-01-18T14:00:00Z,2015-01-18T15:00:00+0100,1465,2682
2015-01-18T15:00:00Z,2015-01-18T16:00:00+0100,1627,2623
2015-01-18T16:00:00Z,2015-01-18T17:00:00+0100,1636,2512
2015-01-18T17:00:00Z,2015-01-18T18:00:00+0100,1692,2423
2015-01-18T18:00:00Z,2015-01-18T19:00:00+0100,1796,2224
2015-01-18T19:00:00Z,2015-01-18T20:00:00+0100,1657,2123
2015-01-18T20:00:00Z,2015-01-18T21:00:00+0100,1522,1941
2015-01-18T21:00:00Z,2015-01-18T22:00:00+0100,1568,1825
2015-01-18T22:00:00Z,2015-01-18T23:00:00+0100,1611,1671
2015-01-18T23:00:00Z,2015-01-19T00:00:00+0100,1506,1527
2015-01-19T00:00:00Z,2015-01-19T01:00:00+0100,1292,1366
2015-01-19T01:00:00Z,2015-01-19T02:00:00+0100,1090,1144
2015-01-19T02:00:00Z,2015-01-19T03:00:00+0100,1020,926
2015-01-19T03:00:00Z,2015-01-19T04:00:00+0100,968,772
2015-01-19T04:00:00Z,2015-01-19T05:00:00+0100,1102,633
2015-01-19T05:00:00Z,2015-01-19T06:00:00+0100,874,499
2015-01-19T06:00:00Z,2015-01-19T07:00:00+0100,700,399
2015-01-19T07:00:00Z,2015-01-19T08:00:00+0100,500,357
2015-01-19T08:00:00Z,2015-01-19T09:00:00+0100,309,281
2015-01-19T09:00:00Z,2015-01-19T10:00:00+0100,204,201
2015-01-19T10:00:00Z,2015-01-19T11:00:00+0100,152,173
2015-01-19T11:00:00Z,2015-01-19T12:00:00+0100,154,184
2015-01-19T12:00:00Z,2015-01-19T13:00:00+0100,103,154
2015-01-19T13:00:00Z,2015-01-19T14:00:00+0100,75,159
2015-01-19T14:00:00Z,2015-01-19T15:00:00+0100,64,176
2015-01-19T15:00:00Z,2015-01-19T16:00:00+0100,117,217
2015-01-19T16:00:00Z,2015-01-19T17:00:00+0100,230,287
2015-01-19T17:00:00Z,2015-01-19T18:00:00+0100,220,361
2015-01-19T18:00:00Z,2015-01-19T19:00:00+0100,150,427
2015-01-19T19:00:00Z,2015-01-19T20:00:00+0100,90,508
2015-01-19T20:00:00Z,2015-01-19T21:00:00+0100,156,612
2015-01-19T21:00:00Z,2015-01-19T22:00:00+0100,180,707
2015-01-19T22:00:00Z,2015-01-19T23:00:00+0100,150,668
2015-01-19T23:00:00Z,2015-01-20T00:00:00+0100,92,628
2015-01-20T00:00:00Z,2015-01-20T01:00:00+0100,74,662
2015-01-20T01:00:00Z,2015-01-20T02:00:00+0100,111,664
2015-01-20T02:00:00Z,2015-01-20T03:00:00+0100,161,689
2015-01-20T03:00:00Z,2015-01-20T04:00:00+0100,218,702
2015-01-20T04:00:00Z,2015-01-20T05:00:00+0100,226,692
2015-01-20T05:00:00Z,2015-01-20T06:00:00+0100,256,740
2015-01-20T06:00:00Z,2015-01-20T07:00:00+0100,288,794
2015-01-20T07:00:00Z,2015-01-20T08:00:00+0100,354,851
2015-01-20T08:00:00Z,2015-01-20T09:00:00+0100,408,969
2015-01-20T09:00:00Z,2015-01-20T10:00:00+0100,425,1055
2015-01-20T10:00:00Z,2015-01-20T11:00:00+0100,475,1144
2015-01-20T11:00:00Z,2015-01-20T12:00:00+0100,583,1252
2015-01-20T12:00:00Z,2015-01-20T13:00:00+0100,776,1289
2015-01-20T13:00:00Z,2015-01-20T14:00:00+0100,786,1260
2015-01-20T14:00:00Z,2015-01-20T15:00:00+0100,806,1322
2015-01-20T15:00:00Z,2015-01-20T16:00:00+0100,910,1445
2015-01-20T16:00:00Z,2015-01-20T17:00:00+0100,1169,1644
2015-01-20T17:00:00Z,2015-01-20T18:00:00+0100,1394,1699
2015-01-20T18:00:00Z,2015-01-20T19:00:00+0100,1409,1773
2015-01-20T19:00:00Z,2015-01-20T20:00:00+0100,1778,1713
2015-01-20T20:00:00Z,2015-01-20T21:00:00+0100,2155,1647
2015-01-20T21:00:00Z,2015-01-20T22:00:00+0100,2440,1565
2015-01-20T22:00:00Z,2015-01-20T23:00:00+0100,2576,1439
2015-01-20T23:00:00Z,2015-01-21T00:00:00+0100,2576,1412
2015-01-21T00:00:00Z,2015-01-21T01:00:00+0100,2508,1371
2015-01-21T01:00:00Z,2015-01-21T02:00:00+0100,2478,1313
2015-01-21T02:00:00Z,2015-01-21T03:00:00+0100,2430,1148
2015-01-21T03:00:00Z,2015-01-21T04:00:00+0100,2168,972
2015-01-21T04:00:00Z,2015-01-21T05:00:00+0100,1956,893
2015-01-21T05:00:00Z,2015-01-21T06:00:00+0100,1611,897
2015-01-21T06:00:00Z,2015-01-21T07:00:00+0100,1473,919
2015-01-21T07:00:00Z,2015-01-21T08:00:00+0100,1371,881
2015-01-21T08:00:00Z,2015-01-21T09:00:00+0100,1430,836
2015-01-21T09:00:00Z,2015-01-21T10:00:00+0100,1350,792
2015-01-21T10:00:00Z,2015-01-21T11:00:00+0100,1110,715
2015-01-21T11:00:00Z,2015-01-21T12:00:00+0100,970,624
2015-01-21T12:00:00Z,2015-01-21T13:00:00+0100,933,530
2015-01-21T13:00:00Z,2015-01-21T14:00:00+0100,754,478
2015-01-21T14:00:00Z,2015-01-21T15:00:00+0100,520,394
2015-01-21T15:00:00Z,2015-01-21T16:00:00+0100,427,393
2015-01-21T16:00:00Z,2015-01-21T17:00:00+0100,304,394
2015-01-21T17:00:00Z,2015-01-21T18:00:00+0100,326,366
2015-01-21T18:00:00Z,2015-01-21T19:00:00+0100,324,386
2015-01-21T19:00:00Z,2015-01-21T20:00:00+0100,349,450
2015-01-21T20:00:00Z,2015-01-21T21:00:00+0100,320,426
2015-01-21T21:00:00Z,2015-01-21T22:00:00+0100,251,436
2015-01-21T22:00:00Z,2015-01-21T23:00:00+0100,256,386
2015-01-21T23:00:00Z,2015-01-22T00:00:00+0100,318,399
2015-01-22T00:00:00Z,2015-01-22T01:00:00+0100,303,388
2015-01-22T01:00:00Z,2015-01-22T02:00:00+0100,338,383
2015-01-22T02:00:00Z,2015-01-22T03:00:00+0100,382,384
2015-01-22T03:00:00Z,2015-01-22T04:00:00+0100,420,391
2015-01-22T04:00:00Z,2015-01-22T05:00:00+0100,442,414
2015-01-22T05:00:00Z,2015-01-22T06:00:00+0100,356,381
2015-01-22T06:00:00Z,2015-01-22T07:00:00+0100,378,401
2015-01-22T07:00:00Z,2015-01-22T08:00:00+0100,346,431
2015-01-22T08:00:00Z,2015-01-22T09:00:00+0100,346,459
2015-01-22T09:00:00Z,2015-01-22T10:00:00+0100,400,537
2015-01-22T10:00:00Z,2015-01-22T11:00:00+0100,412,508
2015-01-22T11:00:00Z,2015-01-22T12:00:00+0100,424,517
2015-01-22T12:00:00Z,2015-01-22T13:00:00+0100,382,557
2015-01-22T13:00:00Z,2015-01-22T14:00:00+0100,362,566
2015-01-22T14:00:00Z,2015-01-22T15:00:00+0100,386,583
2015-01-22T15:00:00Z,2015-01-22T16:00:00+0100,442,713
2015-01-22T16:00:00Z,2015-01-22T17:00:00+0100,482,925
2015-01-22T17:00:00Z,2015-01-22T18:00:00+0100,494,1064
2015-01-22T18:00:00Z,2015-01-22T19:00:00+0100,535,1151
2015-01-22T19:00:00Z,2015-01-22T20:00:00+0100,544,1396
2015-01-22T20:00:00Z,2015-01-22T21:00:00+0100,584,1584
2015-01-22T21:00:00Z,2015-01-22T22:00:00+0100,699,1760
2015-01-22T22:00:00Z,2015-01-22T23:00:00+0100,746,1936
2015-01-22T23:00:00Z,2015-01-23T00:00:00+0100,676,2172
2015-01-23T00:00:00Z,2015-01-23T01:00:00+0100,668,2273
2015-01-23T01:00:00Z,2015-01-23T02:00:00+0100,656,2387
2015-01-23T02:00:00Z,2015-01-23T03:00:00+0100,728,2698
2015-01-23T03:00:00Z,2015-01-23T04:00:00+0100,855,3094
2015-01-23T04:00:00Z,2015-01-23T05:00:00+0100,820,3154
2015-01-23T05:00:00Z,2015-01-23T06:00:00+0100,985,3290
2015-01-23T06:00:00Z,2015-01-23T07:00:00+0100,1146,3615
2015-01-23T07:00:00Z,2015-01-23T08:00:00+0100,1346,3758
2015-01-23T08:00:00Z,2015-01-23T09:00:00+0100,1472,3992
2015-01-23T09:00:00Z,2015-01-23T10:00:00+0100,1524,3988
2015-01-23T10:00:00Z,2015-01-23T11:00:00+0100,1694,3971
2015-01-23T11:00:00Z,2015-01-23T12:00:00+0100,1982,3965
2015-01-23T12:00:00Z,2015-01-23T13:00:00+0100,2264,3935
2015-01-23T13:00:00Z,2015-01-23T14:00:00+0100,2416,3908
2015-01-23T14:00:00Z,2015-01-23T15:00:00+0100,2570,3843
2015-01-23T15:00:00Z,2015-01-23T16:00:00+0100,2702,3569
2015-01-23T16:00:00Z,2015-01-23T17:00:00+0100,2912,3452
2015-01-23T17:00:00Z,2015-01-23T18:00:00+0100,3004,3410
2015-01-23T18:00:00Z,2015-01-23T19:00:00+0100,3188,3414
2015-01-23T19:00:00Z,2015-01-23T20:00:00+0100,3371,3192
2015-01-23T20:00:00Z,2015-01-23T21:00:00+0100,3270,3194
2015-01-23T21:00:00Z,2015-01-23T22:00:00+0100,3296,3156
2015-01-23T22:00:00Z,2015-01-23T23:00:00+0100,3456,3089
2015-01-23T23:00:00Z,2015-01-24T00:00:00+0100,3480,3191
2015-01-24T00:00:00Z,2015-01-24T01:00:00+0100,3428,3262
2015-01-24T01:00:00Z,2015-01-24T02:00:00+0100,3440,3167
2015-01-24T02:00:00Z,2015-01-24T03:00:00+0100,3418,3242
2015-01-24T03:00:00Z,2015-01-24T04:00:00+0100,3052,3177
2015-01-24T04:00:00Z,2015-01-24T05:00:00+0100,3360,2895
2015-01-24T05:00:00Z,2015-01-24T06:00:00+0100,3388,3088
2015-01-24T06:00:00Z,2015-01-24T07:00:00+0100,3358,2891
2015-01-24T07:00:00Z,2015-01-24T08:00:00+0100,3266,2867
2015-01-24T08:00:00Z,2015-01-24T09:00:00+0100,3252,2796
2015-01-24T09:00:00Z,2015-01-24T10:00:00+0100,3232,2991
2015-01-24T10:00:00Z,2015-01-24T11:00:00+0100,3276,3196
2015-01-24T11:00:00Z,2015-01-24T12:00:00+0100,3051,3182
2015-01-24T12:00:00Z,2015-01-24T13:00:00+0100,3166,3094
2015-01-24T13:00:00Z,2015-01-24T14:00:00+0100,3091,2973
2015-01-24T14:00:00Z,2015-01-24T15:00:00+0100,2961,2904
2015-01-24T15:00:00Z,2015-01-24T16:00:00+0100,2844,2690
2015-01-24T16:00:00Z,2015-01-24T17:00:00+0100,2504,2653
2015-01-24T17:00:00Z,2015-01-24T18:00:00+0100,2440,2379
2015-01-24T18:00:00Z,2015-01-24T19:00:00+0100,2526,1984
2015-01-24T19:00:00Z,2015-01-24T20:00:00+0100,2320,2231
2015-01-24T20:00:00Z,2015-01-24T21:00:00+0100,2338,2479
2015-01-24T21:00:00Z,2015-01-24T22:00:00+0100,2206,2515
2015-01-24T22:00:00Z,2015-01-24T23:00:00+0100,2188,2614
2015-01-24T23:00:00Z,2015-01-25T00:00:00+0100,1948,2614
2015-01-25T00:00:00Z,2015-01-25T01:00:00+0100,1684,2736
2015-01-25T01:00:00Z,2015-01-25T02:00:00+0100,1573,2806
2015-01-25T02:00:00Z,2015-01-25T03:00:00+0100,1752,2748
2015-01-25T03:00:00Z,2015-01-25T04:00:00+0100,1806,2745
2015-01-25T04:00:00Z,2015-01-25T05:00:00+0100,1723,2674
2015-01-25T05:00:00Z,2015-01-25T06:00:00+0100,1571,2642
2015-01-25T06:00:00Z,2015-01-25T07:00:00+0100,1619,2727
2015-01-25T07:00:00Z,2015-01-25T08:00:00+0100,1806,2823
2015-01-25T08:00:00Z,2015-01-25T09:00:00+0100,1754,2773
2015-01-25T09:00:00Z,2015-01-25T10:00:00+0100,1821,2744
2015-01-25T10:00:00Z,2015-01-25T11:00:00+0100,2018,2870
2015-01-25T11:00:00Z,2015-01-25T12:00:00+0100,2151,3073
2015-01-25T12:00:00Z,2015-01-25T13:00:00+0100,2136,3258
2015-01-25T13:00:00Z,2015-01-25T14:00:00+0100,2232,3376
2015-01-25T14:00:00Z,2015-01-25T15:00:00+0100,2332,3563
2015-01-25T15:00:00Z,2015-01-25T16:00:00+0100,2395,3570
2015-01-25T16:00:00Z,2015-01-25T17:00:00+0100,2269,3652
2015-01-25T17:00:00Z,2015-01-25T18:00:00+0100,2318,3630
2015-01-25T18:00:00Z,2015-01-25T19:00:00+0100,2254,3523
2015-01-25T19:00:00Z,2015-01-25T20:00:00+0100,2204,3123
2015-01-25T20:00:00Z,2015-01-25T21:00:00+0100,2131,2798
2015-01-25T21:00:00Z,2015-01-25T22:00:00+0100,2500,2473
2015-01-25T22:00:00Z,2015-01-25T23:00:00+0100,2600,2225
2015-01-25T23:00:00Z,2015-01-26T00:00:00+0100,2470,2158
2015-01-26T00:00:00Z,2015-01-26T01:00:00+0100,2322,2364
2015-01-26T01:00:00Z,2015-01-26T02:00:00+0100,2434,2633
2015-01-26T02:00:00Z,2015-01-26T03:00:00+0100,2390,2946
2015-01-26T03:00:00Z,2015-01-26T04:00:00+0100,2271,3194
2015-01-26T04:00:00Z,2015-01-26T05:00:00+0100,2360,3085
2015-01-26T05:00:00Z,2015-01-26T06:00:00+0100,2439,3068
2015-01-26T06:00:00Z,2015-01-26T07:00:00+0100,2624,3236
2015-01-26T07:00:00Z,2015-01-26T08:00:00+0100,2806,3438
2015-01-26T08:00:00Z,2015-01-26T09:00:00+0100,2910,3261
2015-01-26T09:00:00Z,2015-01-26T10:00:00+0100,2832,3183
2015-01-26T10:00:00Z,2015-01-26T11:00:00+0100,2745,3117
2015-01-26T11:00:00Z,2015-01-26T12:00:00+0100,2595,2987
2015-01-26T12:00:00Z,2015-01-26T13:00:00+0100,2732,3018
2015-01-26T13:00:00Z,2015-01-26T14:00:00+0100,2881,3123
2015-01-26T14:00:00Z,2015-01-26T15:00:00+0100,2778,3294
2015-01-26T15:00:00Z,2015-01-26T16:00:00+0100,2662,3175
2015-01-26T16:00:00Z,2015-01-26T17:00:00+0100,2558,2893
2015-01-26T17:00:00Z,2015-01-26T18:00:00+0100,2502,2639
2015-01-26T18:00:00Z,2015-01-26T19:00:00+0100,2573,2415
2015-01-26T19:00:00Z,2015-01-26T20:00:00+0100,2463,2276
2015-01-26T20:00:00Z,2015-01-26T21:00:00+0100,2418,2057
2015-01-26T21:00:00Z,2015-01-26T22:00:00+0100,2492,1959
2015-01-26T22:00:00Z,2015-01-26T23:00:00+0100,2256,1948
2015-01-26T23:00:00Z,2015-01-27T00:00:00+0100,2228,1963
2015-01-27T00:00:00Z,2015-01-27T01:00:00+0100,2125,1918
2015-01-27T01:00:00Z,2015-01-27T02:00:00+0100,2419,2029
2015-01-27T02:00:00Z,2015-01-27T03:00:00+0100,2205,2092
2015-01-27T03:00:00Z,2015-01-27T04:00:00+0100,1942,2293
2015-01-27T04:00:00Z,2015-01-27T05:00:00+0100,2108,2146
2015-01-27T05:00:00Z,2015-01-27T06:00:00+0100,2116,2130
2015-01-27T06:00:00Z,2015-01-27T07:00:00+0100,1830,2192
2015-01-27T07:00:00Z,2015-01-27T08:00:00+0100,1910,2416
2015-01-27T08:00:00Z,2015-01-27T09:00:00+0100,1685,2390
2015-01-27T09:00:00Z,2015-01-27T10:00:00+0100,1830,2486
2015-01-27T10:00:00Z,2015-01-27T11:00:00+0100,1789,2469
2015-01-27T11:00:00Z,2015-01-27T12:00:00+0100,1670,2518
2015-01-27T12:00:00Z,2015-01-27T13:00:00+0100,1605,2712
2015-01-27T13:00:00Z,2015-01-27T14:00:00+0100,1542,2852
2015-01-27T14:00:00Z,2015-01-27T15:00:00+0100,1262,2817
2015-01-27T15:00:00Z,2015-01-27T16:00:00+0100,1271,2929
2015-01-27T16:00:00Z,2015-01-27T17:00:00+0100,1412,3068
2015-01-27T17:00:00Z,2015-01-27T18:00:00+0100,1434,3200
2015-01-27T18:00:00Z,2015-01-27T19:00:00+0100,1453,3059
2015-01-27T19:00:00Z,2015-01-27T20:00:00+0100,1513,3130
2015-01-27T20:00:00Z,2015-01-27T21:00:00+0100,1668,3346
2015-01-27T21:00:00Z,2015-01-27T22:00:00+0100,1935,3421
2015-01-27T22:00:00Z,2015-01-27T23:00:00+0100,2333,3331
2015-01-27T23:00:00Z,2015-01-28T00:00:00+0100,2463,3212
2015-01-28T00:00:00Z,2015-01-28T01:00:00+0100,2826,3045
2015-01-28T01:00:00Z,2015-01-28T02:00:00+0100,3214,3002
2015-01-28T02:00:00Z,2015-01-28T03:00:00+0100,3304,3119
2015-01-28T03:00:00Z,2015-01-28T04:00:00+0100,3288,2994
2015-01-28T04:00:00Z,2015-01-28T05:00:00+0100,3342,3002
2015-01-28T05:00:00Z,2015-01-28T06:00:00+0100,3244,3079
2015-01-28T06:00:00Z,2015-01-28T07:00:00+0100,3260,3426
2015-01-28T07:00:00Z,2015-01-28T08:00:00+0100,3164,3818
2015-01-28T08:00:00Z,2015-01-28T09:00:00+0100,3082,4062
2015-01-28T09:00:00Z,2015-01-28T10:00:00+0100,3258,4080
2015-01-28T10:00:00Z,2015-01-28T11:00:00+0100,3306,4223
2015-01-28T11:00:00Z,2015-01-28T12:00:00+0100,3116,4187
2015-01-28T12:00:00Z,2015-01-28T13:00:00+0100,3123,4233
2015-01-28T13:00:00Z,2015-01-28T14:00:00+0100,2898,4074
2015-01-28T14:00:00Z,2015-01-28T15:00:00+0100,3214,3969
2015-01-28T15:00:00Z,2015-01-28T16:00:00+0100,3214,3921
2015-01-28T16:00:00Z,2015-01-28T17:00:00+0100,3306,4062
2015-01-28T17:00:00Z,2015-01-28T18:00:00+0100,3304,3872
2015-01-28T18:00:00Z,2015-01-28T19:00:00+0100,3320,3850
2015-01-28T19:00:00Z,2015-01-28T20:00:00+0100,3302,3803
2015-01-28T20:00:00Z,2015-01-28T21:00:00+0100,3318,3646
2015-01-28T21:00:00Z,2015-01-28T22:00:00+0100,3306,3712
2015-01-28T22:00:00Z,2015-01-28T23:00:00+0100,3308,3464
2015-01-28T23:00:00Z,2015-01-29T00:00:00+0100,3289,3317
2015-01-29T00:00:00Z,2015-01-29T01:00:00+0100,3352,3221
2015-01-29T01:00:00Z,2015-01-29T02:00:00+0100,3412,3305
2015-01-29T02:00:00Z,2015-01-29T03:00:00+0100,3412,2998
2015-01-29T03:00:00Z,2015-01-29T04:00:00+0100,3410,3138
2015-01-29T04:00:00Z,2015-01-29T05:00:00+0100,3406,3272
2015-01-29T05:00:00Z,2015-01-29T06:00:00+0100,3401,3103
2015-01-29T06:00:00Z,2015-01-29T07:00:00+0100,3436,2942
2015-01-29T07:00:00Z,2015-01-29T08:00:00+0100,3476,2885
2015-01-29T08:00:00Z,2015-01-29T09:00:00+0100,3484,2758
2015-01-29T09:00:00Z,2015-01-29T10:00:00+0100,3478,2431
2015-01-29T10:00:00Z,2015-01-29T11:00:00+0100,3426,2298
2015-01-29T11:00:00Z,2015-01-29T12:00:00+0100,3381,2284
2015-01-29T12:00:00Z,2015-01-29T13:00:00+0100,3426,2309
2015-01-29T13:00:00Z,2015-01-29T14:00:00+0100,3304,2412
2015-01-29T14:00:00Z,2015-01-29T15:00:00+0100,3085,2348
2015-01-29T15:00:00Z,2015-01-29T16:00:00+0100,2971,2339
2015-01-29T16:00:00Z,2015-01-29T17:00:00+0100,2950,2216
2015-01-29T17:00:00Z,2015-01-29T18:00:00+0100,2693,2039
2015-01-29T18:00:00Z,2015-01-29T19:00:00+0100,2666,1921
2015-01-29T19:00:00Z,2015-01-29T20:00:00+0100,2886,1944
2015-01-29T20:00:00Z,2015-01-29T21:00:00+0100,2772,1831
2015-01-29T21:00:00Z,2015-01-29T22:00:00+0100,2550,1787
2015-01-29T22:00:00Z,2015-01-29T23:00:00+0100,2212,1890
2015-01-29T23:00:00Z,2015-01-30T00:00:00+0100,2434,2065
2015-01-30T00:00:00Z,2015-01-30T01:00:00+0100,1934,2118
2015-01-30T01:00:00Z,2015-01-30T02:00:00+0100,1866,2348
2015-01-30T02:00:00Z,2015-01-30T03:00:00+0100,1766,2534
2015-01-30T03:00:00Z,2015-01-30T04:00:00+0100,1786,2784
2015-01-30T04:00:00Z,2015-01-30T05:00:00+0100,1388,2788
2015-01-30T05:00:00Z,2015-01-30T06:00:00+0100,926,2901
2015-01-30T06:00:00Z,2015-01-30T07:00:00+0100,1036,2811
2015-01-30T07:00:00Z,2015-01-30T08:00:00+0100,1324,2822
2015-01-30T08:00:00Z,2015-01-30T09:00:00+0100,1490,2693
2015-01-30T09:00:00Z,2015-01-30T10:00:00+0100,1636,2717
2015-01-30T10:00:00Z,2015-01-30T11:00:00+0100,1716,2711
2015-01-30T11:00:00Z,2015-01-30T12:00:00+0100,1773,2671
2015-01-30T12:00:00Z,2015-01-30T13:00:00+0100,1954,2766
2015-01-30T13:00:00Z,2015-01-30T14:00:00+0100,2096,2825
2015-01-30T14:00:00Z,2015-01-30T15:00:00+0100,1796,3865
2015-01-30T15:00:00Z,2015-01-30T16:00:00+0100,1845,3831
2015-01-30T16:00:00Z,2015-01-30T17:00:00+0100,1892,3730
2015-01-30T17:00:00Z,2015-01-30T18:00:00+0100,1850,3726
2015-01-30T18:00:00Z,2015-01-30T19:00:00+0100,1959,3694
2015-01-30T19:00:00Z,2015-01-30T20:00:00+0100,2126,3625
2015-01-30T20:00:00Z,2015-01-30T21:00:00+0100,2430,3541
2015-01-30T21:00:00Z,2015-01-30T22:00:00+0100,2483,3744
2015-01-30T22:00:00Z,2015-01-30T23:00:00+0100,2503,3718
2015-01-30T23:00:00Z,2015-01-31T00:00:00+0100,2480,3856
2015-01-31T00:00:00Z,2015-01-31T01:00:00+0100,2440,4160
2015-01-31T01:00:00Z,2015-01-31T02:00:00+0100,2430,4409
2015-01-31T02:00:00Z,2015-01-31T03:00:00+0100,2327,4250
2015-01-31T03:00:00Z,2015-01-31T04:00:00+0100,2146,4184
2015-01-31T04:00:00Z,2015-01-31T05:00:00+0100,2000,4193
2015-01-31T05:00:00Z,2015-01-31T06:00:00+0100,1672,4035
2015-01-31T06:00:00Z,2015-01-31T07:00:00+0100,1560,4089
2015-01-31T07:00:00Z,2015-01-31T08:00:00+0100,1304,3875
2015-01-31T08:00:00Z,2015-01-31T09:00:00+0100,1309,3795
2015-01-31T09:00:00Z,2015-01-31T10:00:00+0100,1384,4238
2015-01-31T10:00:00Z,2015-01-31T11:00:00+0100,1430,4521
2015-01-31T11:00:00Z,2015-01-31T12:00:00+0100,1507,4580
2015-01-31T12:00:00Z,2015-01-31T13:00:00+0100,1599,4826
2015-01-31T13:00:00Z,2015-01-31T14:00:00+0100,1737,4979
2015-01-31T14:00:00Z,2015-01-31T15:00:00+0100,1824,5015
2015-01-31T15:00:00Z,2015-01-31T16:00:00+0100,1977,4912
2015-01-31T16:00:00Z,2015-01-31T17:00:00+0100,2342,4729
2015-01-31T17:00:00Z,2015-01-31T18:00:00+0100,2814,4899
2015-01-31T18:00:00Z,2015-01-31T19:00:00+0100,3190,5177
2015-01-31T19:00:00Z,2015-01-31T20:00:00+0100,3314,5268
2015-01-31T20:00:00Z,2015-01-31T21:00:00+0100,3260,5214
2015-01-31T21:00:00Z,2015-01-31T22:00:00+0100,3264,5126
2015-01-31T22:00:00Z,2015-01-31T23:00:00+0100,3336,4853
2015-01-31T23:00:00Z,2015-02-01T00:00:00+0100,3296,4950
2015-02-01T00:00:00Z,2015-02-01T01:00:00+0100,3284,4863
2015-02-01T01:00:00Z,2015-02-01T02:00:00+0100,3252,4698
2015-02-01T02:00:00Z,2015-02-01T03:00:00+0100,3248,4752
2015-02-01T03:00:00Z,2015-02-01T04:00:00+0100,3264,5134
2015-02-01T04:00:00Z,2015-02-01T05:00:00+0100,3272,5174
2015-02-01T05:00:00Z,2015-02-01T06:00:00+0100,3220,5002
2015-02-01T06:00:00Z,2015-02-01T07:00:00+0100,3236,4532
2015-02-01T07:00:00Z,2015-02-01T08:00:00+0100,3252,4155
2015-02-01T08:00:00Z,2015-02-01T09:00:00+0100,3254,3824
2015-02-01T09:00:00Z,2015-02-01T10:00:00+0100,3384,3106
2015-02-01T10:00:00Z,2015-02-01T11:00:00+0100,3144,3080
2015-02-01T11:00:00Z,2015-02-01T12:00:00+0100,3084,3540
2015-02-01T12:00:00Z,2015-02-01T13:00:00+0100,3104,3419
2015-02-01T13:00:00Z,2015-02-01T14:00:00+0100,3104,3215
2015-02-01T14:00:00Z,2015-02-01T15:00:00+0100,3066,3093
2015-02-01T15:00:00Z,2015-02-01T16:00:00+0100,3028,2793
2015-02-01T16:00:00Z,2015-02-01T17:00:00+0100,2895,2554
2015-02-01T17:00:00Z,2015-02-01T18:00:00+0100,2684,2344
2015-02-01T18:00:00Z,2015-02-01T19:00:00+0100,2836,2289
2015-02-01T19:00:00Z,2015-02-01T20:00:00+0100,2808,2152
2015-02-01T20:00:00Z,2015-02-01T21:00:00+0100,2780,2109
2015-02-01T21:00:00Z,2015-02-01T22:00:00+0100,2704,2040
2015-02-01T22:00:00Z,2015-02-01T23:00:00+0100,2661,1909
2015-02-01T23:00:00Z,2015-02-02T00:00:00+0100,2463,1844
2015-02-02T00:00:00Z,2015-02-02T01:00:00+0100,2136,1825
2015-02-02T01:00:00Z,2015-02-02T02:00:00+0100,1792,1764
2015-02-02T02:00:00Z,2015-02-02T03:00:00+0100,1778,1722
2015-02-02T03:00:00Z,2015-02-02T04:00:00+0100,1759,1755
2015-02-02T04:00:00Z,2015-02-02T05:00:00+0100,1721,1789
2015-02-02T05:00:00Z,2015-02-02T06:00:00+0100,1711,1751
2015-02-02T06:00:00Z,2015-02-02T07:00:00+0100,1623,1443
2015-02-02T07:00:00Z,2015-02-02T08:00:00+0100,1298,1527
2015-02-02T08:00:00Z,2015-02-02T09:00:00+0100,1067,1068
2015-02-02T09:00:00Z,2015-02-02T10:00:00+0100,1118,1103
2015-02-02T10:00:00Z,2015-02-02T11:00:00+0100,1082,1026
2015-02-02T11:00:00Z,2015-02-02T12:00:00+0100,997,1223
2015-02-02T12:00:00Z,2015-02-02T13:00:00+0100,1107,1134
2015-02-02T13:00:00Z,2015-02-02T14:00:00+0100,1189,1060
2015-02-02T14:00:00Z,2015-02-02T15:00:00+0100,1107,851
2015-02-02T15:00:00Z,2015-02-02T16:00:00+0100,1104,959
2015-02-02T16:00:00Z,2015-02-02T17:00:00+0100,1086,905
2015-02-02T17:00:00Z,2015-02-02T18:00:00+0100,994,893
2015-02-02T18:00:00Z,2015-02-02T19:00:00+0100,988,873
2015-02-02T19:00:00Z,2015-02-02T20:00:00+0100,636,705
2015-02-02T20:00:00Z,2015-02-02T21:00:00+0100,707,616
2015-02-02T21:00:00Z,2015-02-02T22:00:00+0100,786,667
2015-02-02T22:00:00Z,2015-02-02T23:00:00+0100,678,755
2015-02-02T23:00:00Z,2015-02-03T00:00:00+0100,520,576
2015-02-03T00:00:00Z,2015-02-03T01:00:00+0100,418,604
2015-02-03T01:00:00Z,2015-02-03T02:00:00+0100,432,737
2015-02-03T02:00:00Z,2015-02-03T03:00:00+0100,358,838
2015-02-03T03:00:00Z,2015-02-03T04:00:00+0100,304,939
2015-02-03T04:00:00Z,2015-02-03T05:00:00+0100,333,1107
2015-02-03T05:00:00Z,2015-02-03T06:00:00+0100,426,1297
2015-02-03T06:00:00Z,2015-02-03T07:00:00+0100,513,1481
2015-02-03T07:00:00Z,2015-02-03T08:00:00+0100,507,1587
2015-02-03T08:00:00Z,2015-02-03T09:00:00+0100,669,1731
2015-02-03T09:00:00Z,2015-02-03T10:00:00+0100,816,1785
2015-02-03T10:00:00Z,2015-02-03T11:00:00+0100,1030,1839
2015-02-03T11:00:00Z,2015-02-03T12:00:00+0100,1134,1898
2015-02-03T12:00:00Z,2015-02-03T13:00:00+0100,1120,1920
2015-02-03T13:00:00Z,2015-02-03T14:00:00+0100,1056,1931
2015-02-03T14:00:00Z,2015-02-03T15:00:00+0100,1209,1904
2015-02-03T15:00:00Z,2015-02-03T16:00:00+0100,1216,1746
2015-02-03T16:00:00Z,2015-02-03T17:00:00+0100,1224,1537
2015-02-03T17:00:00Z,2015-02-03T18:00:00+0100,1608,
2015-02-03T18:00:00Z,2015-02-03T19:00:00+0100,1904,
2015-02-03T19:00:00Z,2015-02-03T20:00:00+0100,1878,1534
2015-02-03T20:00:00Z,2015-02-03T21:00:00+0100,1776,1396
2015-02-03T21:00:00Z,2015-02-03T22:00:00+0100,1760,
2015-02-03T22:00:00Z,2015-02-03T23:00:00+0100,1681,
2015-02-03T23:00:00Z,2015-02-04T00:00:00+0100,1462,1387
2015-02-04T00:00:00Z,2015-02-04T01:00:00+0100,1186,1329
2015-02-04T01:00:00Z,2015-02-04T02:00:00+0100,1007,1271
2015-02-04T02:00:00Z,2015-02-04T03:00:00+0100,1202,1174
2015-02-04T03:00:00Z,2015-02-04T04:00:00+0100,1136,
2015-02-04T04:00:00Z,2015-02-04T05:00:00+0100,1058,
2015-02-04T05:00:00Z,2015-02-04T06:00:00+0100,1182,1076
2015-02-04T06:00:00Z,2015-02-04T07:00:00+0100,1427,1068
2015-02-04T07:00:00Z,2015-02-04T08:00:00+0100,1498,1061
2015-02-04T08:00:00Z,2015-02-04T09:00:00+0100,1510,1057
2015-02-04T09:00:00Z,2015-02-04T10:00:00+0100,1506,
2015-02-04T10:00:00Z,2015-02-04T11:00:00+0100,1534,
2015-02-04T11:00:00Z,2015-02-04T12:00:00+0100,1357,
2015-02-04T12:00:00Z,2015-02-04T13:00:00+0100,1452,
2015-02-04T13:00:00Z,2015-02-04T14:00:00+0100,1572,842
2015-02-04T14:00:00Z,2015-02-04T15:00:00+0100,1588,
2015-02-04T15:00:00Z,2015-02-04T16:00:00+0100,1412,
2015-02-04T16:00:00Z,2015-02-04T17:00:00+0100,1625,1091
2015-02-04T17:00:00Z,2015-02-04T18:00:00+0100,1760,1168
2015-02-04T18:00:00Z,2015-02-04T19:00:00+0100,1735,1216
2015-02-04T19:00:00Z,2015-02-04T20:00:00+0100,1624,1230
2015-02-04T20:00:00Z,2015-02-04T21:00:00+0100,1397,1132
2015-02-04T21:00:00Z,2015-02-04T22:00:00+0100,1129,1044
2015-02-04T22:00:00Z,2015-02-04T23:00:00+0100,1007,1048
2015-02-04T23:00:00Z,2015-02-05T00:00:00+0100,1139,1052
2015-02-05T00:00:00Z,2015-02-05T01:00:00+0100,1142,1048
2015-02-05T01:00:00Z,2015-02-05T02:00:00+0100,,1054
2015-02-05T02:00:00Z,2015-02-05T03:00:00+0100,,1097
2015-02-05T03:00:00Z,2015-02-05T04:00:00+0100,1049,1027
2015-02-05T04:00:00Z,2015-02-05T05:00:00+0100,988,965
2015-02-05T05:00:00Z,2015-02-05T06:00:00+0100,1061,817
2015-02-05T06:00:00Z,2015-02-05T07:00:00+0100,1246,702
2015-02-05T07:00:00Z,2015-02-05T08:00:00+0100,1418,
2015-02-05T08:00:00Z,2015-02-05T09:00:00+0100,1496,
2015-02-05T09:00:00Z,2015-02-05T10:00:00+0100,1296,469
2015-02-05T10:00:00Z,2015-02-05T11:00:00+0100,1323,422
2015-02-05T11:00:00Z,2015-02-05T12:00:00+0100,1240,406
2015-02-05T12:00:00Z,2015-02-05T13:00:00+0100,1136,
2015-02-05T13:00:00Z,2015-02-05T14:00:00+0100,1289,
2015-02-05T14:00:00Z,2015-02-05T15:00:00+0100,1331,
2015-02-05T15:00:00Z,2015-02-05T16:00:00+0100,1539,
2015-02-05T16:00:00Z,2015-02-05T17:00:00+0100,1750,384
2015-02-05T17:00:00Z,2015-02-05T18:00:00+0100,1910,
2015-02-05T18:00:00Z,2015-02-05T19:00:00+0100,1998,
2015-02-05T19:00:00Z,2015-02-05T20:00:00+0100,2090,553
2015-02-05T20:00:00Z,2015-02-05T21:00:00+0100,2048,
2015-02-05T21:00:00Z,2015-02-05T22:00:00+0100,1902,
2015-02-05T22:00:00Z,2015-02-05T23:00:00+0100,1906,
2015-02-05T23:00:00Z,2015-02-06T00:00:00+0100,1864,463
2015-02-06T00:00:00Z,2015-02-06T01:00:00+0100,1790,434
2015-02-06T01:00:00Z,2015-02-06T02:00:00+0100,,405
2015-02-06T02:00:00Z,2015-02-06T03:00:00+0100,,397
2015-02-06T03:00:00Z,2015-02-06T04:00:00+0100,1777,398
2015-02-06T04:00:00Z,2015-02-06T05:00:00+0100,1700,400
2015-02-06T05:00:00Z,2015-02-06T06:00:00+0100,1664,394
2015-02-06T06:00:00Z,2015-02-06T07:00:00+0100,1650,409
2015-02-06T07:00:00Z,2015-02-06T08:00:00+0100,1662,
2015-02-06T08:00:00Z,2015-02-06T09:00:00+0100,1693,
2015-02-06T09:00:00Z,2015-02-06T10:00:00+0100,1653,441
2015-02-06T10:00:00Z,2015-02-06T11:00:00+0100,1587,
2015-02-06T11:00:00Z,2015-02-06T12:00:00+0100,1566,
2015-02-06T12:00:00Z,2015-02-06T13:00:00+0100,1553,498
2015-02-06T13:00:00Z,2015-02-06T14:00:00+0100,1554,524
2015-02-06T14:00:00Z,2015-02-06T15:00:00+0100,1567,552
2015-02-06T15:00:00Z,2015-02-06T16:00:00+0100,1586,570
2015-02-06T16:00:00Z,2015-02-06T17:00:00+0100,1553,586
2015-02-06T17:00:00Z,2015-02-06T18:00:00+0100,1536,
2015-02-06T18:00:00Z,2015-02-06T19:00:00+0100,1516,
2015-02-06T19:00:00Z,2015-02-06T20:00:00+0100,1509,794
2015-02-06T20:00:00Z,2015-02-06T21:00:00+0100,1488,
2015-02-06T21:00:00Z,2015-02-06T22:00:00+0100,1442,
2015-02-06T22:00:00Z,2015-02-06T23:00:00+0100,1395,795
2015-02-06T23:00:00Z,2015-02-07T00:00:00+0100,1375,840
2015-02-07T00:00:00Z,2015-02-07T01:00:00+0100,1270,870
2015-02-07T01:00:00Z,2015-02-07T02:00:00+0100,1118,
2015-02-07T02:00:00Z,2015-02-07T03:00:00+0100,944,
2015-02-07T03:00:00Z,2015-02-07T04:00:00+0100,862,1155
2015-02-07T04:00:00Z,2015-02-07T05:00:00+0100,856,
2015-02-07T05:00:00Z,2015-02-07T06:00:00+0100,879,
2015-02-07T06:00:00Z,2015-02-07T07:00:00+0100,944,1197
2015-02-07T07:00:00Z,2015-02-07T08:00:00+0100,908,1273
2015-02-07T08:00:00Z,2015-02-07T09:00:00+0100,894,1325
2015-02-07T09:00:00Z,2015-02-07T10:00:00+0100,798,
2015-02-07T10:00:00Z,2015-02-07T11:00:00+0100,618,
2015-02-07T11:00:00Z,2015-02-07T12:00:00+0100,793,1471
2015-02-07T12:00:00Z,2015-02-07T13:00:00+0100,792,1498
2015-02-07T13:00:00Z,2015-02-07T14:00:00+0100,870,1533
2015-02-07T14:00:00Z,2015-02-07T15:00:00+0100,1078,1715
2015-02-07T15:00:00Z,2015-02-07T16:00:00+0100,1120,1718
2015-02-07T16:00:00Z,2015-02-07T17:00:00+0100,1048,1597
2015-02-07T17:00:00Z,2015-02-07T18:00:00+0100,980,1464
2015-02-07T18:00:00Z,2015-02-07T19:00:00+0100,1175,1278
2015-02-07T19:00:00Z,2015-02-07T20:00:00+0100,1163,1134
2015-02-07T20:00:00Z,2015-02-07T21:00:00+0100,1156,1090
2015-02-07T21:00:00Z,2015-02-07T22:00:00+0100,1284,1003
2015-02-07T22:00:00Z,2015-02-07T23:00:00+0100,1358,814
2015-02-07T23:00:00Z,2015-02-08T00:00:00+0100,1326,776
2015-02-08T00:00:00Z,2015-02-08T01:00:00+0100,1390,739
2015-02-08T01:00:00Z,2015-02-08T02:00:00+0100,1564,804
2015-02-08T02:00:00Z,2015-02-08T03:00:00+0100,1596,876
2015-02-08T03:00:00Z,2015-02-08T04:00:00+0100,1629,963
2015-02-08T04:00:00Z,2015-02-08T05:00:00+0100,1632,1051
2015-02-08T05:00:00Z,2015-02-08T06:00:00+0100,1493,1033
2015-02-08T06:00:00Z,2015-02-08T07:00:00+0100,1536,1121
2015-02-08T07:00:00Z,2015-02-08T08:00:00+0100,1719,1256
2015-02-08T08:00:00Z,2015-02-08T09:00:00+0100,1698,1383
2015-02-08T09:00:00Z,2015-02-08T10:00:00+0100,1624,1498
2015-02-08T10:00:00Z,2015-02-08T11:00:00+0100,1408,1588
2015-02-08T11:00:00Z,2015-02-08T12:00:00+0100,1176,1822
2015-02-08T12:00:00Z,2015-02-08T13:00:00+0100,986,2027
2015-02-08T13:00:00Z,2015-02-08T14:00:00+0100,744,2042
2015-02-08T14:00:00Z,2015-02-08T15:00:00+0100,424,2035
2015-02-08T15:00:00Z,2015-02-08T16:00:00+0100,360,2115
2015-02-08T16:00:00Z,2015-02-08T17:00:00+0100,465,2175
2015-02-08T17:00:00Z,2015-02-08T18:00:00+0100,685,2231
2015-02-08T18:00:00Z,2015-02-08T19:00:00+0100,807,2469
2015-02-08T19:00:00Z,2015-02-08T20:00:00+0100,865,2480
2015-02-08T20:00:00Z,2015-02-08T21:00:00+0100,981,2380
2015-02-08T21:00:00Z,2015-02-08T22:00:00+0100,1071,2328
2015-02-08T22:00:00Z,2015-02-08T23:00:00+0100,,2441
2015-02-08T23:00:00Z,2015-02-09T00:00:00+0100,,2440
2015-02-09T00:00:00Z,2015-02-09T01:00:00+0100,1208,2417
2015-02-09T01:00:00Z,2015-02-09T02:00:00+0100,1306,2492
2015-02-09T02:00:00Z,2015-02-09T03:00:00+0100,1202,2588
2015-02-09T03:00:00Z,2015-02-09T04:00:00+0100,1286,2597
2015-02-09T04:00:00Z,2015-02-09T05:00:00+0100,1192,2547
2015-02-09T05:00:00Z,2015-02-09T06:00:00+0100,963,
2015-02-09T06:00:00Z,2015-02-09T07:00:00+0100,837,
2015-02-09T07:00:00Z,2015-02-09T08:00:00+0100,771,2364
2015-02-09T08:00:00Z,2015-02-09T09:00:00+0100,726,2234
2015-02-09T09:00:00Z,2015-02-09T10:00:00+0100,852,2113
2015-02-09T10:00:00Z,2015-02-09T11:00:00+0100,767,2010
2015-02-09T11:00:00Z,2015-02-09T12:00:00+0100,599,2056
2015-02-09T12:00:00Z,2015-02-09T13:00:00+0100,631,2112
2015-02-09T13:00:00Z,2015-02-09T14:00:00+0100,593,2137
2015-02-09T14:00:00Z,2015-02-09T15:00:00+0100,472,2065
2015-02-09T15:00:00Z,2015-02-09T16:00:00+0100,418,1923
2015-02-09T16:00:00Z,2015-02-09T17:00:00+0100,272,1821
2015-02-09T17:00:00Z,2015-02-09T18:00:00+0100,224,1737
2015-02-09T18:00:00Z,2015-02-09T19:00:00+0100,219,1560
2015-02-09T19:00:00Z,2015-02-09T20:00:00+0100,204,1567
2015-02-09T20:00:00Z,2015-02-09T21:00:00+0100,206,1535
2015-02-09T21:00:00Z,2015-02-09T22:00:00+0100,184,1462
2015-02-09T22:00:00Z,2015-02-09T23:00:00+0100,141,1255
2015-02-09T23:00:00Z,2015-02-10T00:00:00+0100,111,1130
2015-02-10T00:00:00Z,2015-02-10T01:00:00+0100,111,1043
2015-02-10T01:00:00Z,2015-02-10T02:00:00+0100,79,1006
2015-02-10T02:00:00Z,2015-02-10T03:00:00+0100,42,1059
2015-02-10T03:00:00Z,2015-02-10T04:00:00+0100,24,986
2015-02-10T04:00:00Z,2015-02-10T05:00:00+0100,12,903
2015-02-10T05:00:00Z,2015-02-10T06:00:00+0100,7,976
2015-02-10T06:00:00Z,2015-02-10T07:00:00+0100,3,950
2015-02-10T07:00:00Z,2015-02-10T08:00:00+0100,4,873
2015-02-10T08:00:00Z,2015-02-10T09:00:00+0100,39,806
2015-02-10T09:00:00Z,2015-02-10T10:00:00+0100,50,809
2015-02-10T10:00:00Z,2015-02-10T11:00:00+0100,56,811
2015-02-10T11:00:00Z,2015-02-10T12:00:00+0100,70,783
2015-02-10T12:00:00Z,2015-02-10T13:00:00+0100,58,827
2015-02-10T13:00:00Z,2015-02-10T14:00:00+0100,55,778
2015-02-10T14:00:00Z,2015-02-10T15:00:00+0100,66,729
2015-02-10T15:00:00Z,2015-02-10T16:00:00+0100,74,663
2015-02-10T16:00:00Z,2015-02-10T17:00:00+0100,78,585
2015-02-10T17:00:00Z,2015-02-10T18:00:00+0100,94,549
2015-02-10T18:00:00Z,2015-02-10T19:00:00+0100,127,515
2015-02-10T19:00:00Z,2015-02-10T20:00:00+0100,192,543
2015-02-10T20:00:00Z,2015-02-10T21:00:00+0100,231,638
2015-02-10T21:00:00Z,2015-02-10T22:00:00+0100,226,698
2015-02-10T22:00:00Z,2015-02-10T23:00:00+0100,320,680
2015-02-10T23:00:00Z,2015-02-11T00:00:00+0100,377,710
2015-02-11T00:00:00Z,2015-02-11T01:00:00+0100,370,678
2015-02-11T01:00:00Z,2015-02-11T02:00:00+0100,342,667
2015-02-11T02:00:00Z,2015-02-11T03:00:00+0100,344,796
2015-02-11T03:00:00Z,2015-02-11T04:00:00+0100,290,719
2015-02-11T04:00:00Z,2015-02-11T05:00:00+0100,238,674
2015-02-11T05:00:00Z,2015-02-11T06:00:00+0100,218,645
2015-02-11T06:00:00Z,2015-02-11T07:00:00+0100,212,629
2015-02-11T07:00:00Z,2015-02-11T08:00:00+0100,246,696
2015-02-11T08:00:00Z,2015-02-11T09:00:00+0100,282,733
2015-02-11T09:00:00Z,2015-02-11T10:00:00+0100,319,771
2015-02-11T10:00:00Z,2015-02-11T11:00:00+0100,373,852
2015-02-11T11:00:00Z,2015-02-11T12:00:00+0100,554,918
2015-02-11T12:00:00Z,2015-02-11T13:00:00+0100,423,971
2015-02-11T13:00:00Z,2015-02-11T14:00:00+0100,316,1058
2015-02-11T14:00:00Z,2015-02-11T15:00:00+0100,293,1126
2015-02-11T15:00:00Z,2015-02-11T16:00:00+0100,284,1120
2015-02-11T16:00:00Z,2015-02-11T17:00:00+0100,268,1121
2015-02-11T17:00:00Z,2015-02-11T18:00:00+0100,266,1033
2015-02-11T18:00:00Z,2015-02-11T19:00:00+0100,262,951
2015-02-11T19:00:00Z,2015-02-11T20:00:00+0100,210,869
2015-02-11T20:00:00Z,2015-02-11T21:00:00+0100,190,780
2015-02-11T21:00:00Z,2015-02-11T22:00:00+0100,188,720
2015-02-11T22:00:00Z,2015-02-11T23:00:00+0100,166,715
2015-02-11T23:00:00Z,2015-02-12T00:00:00+0100,101,681
2015-02-12T00:00:00Z,2015-02-12T01:00:00+0100,78,661
2015-02-12T01:00:00Z,2015-02-12T02:00:00+0100,96,638
2015-02-12T02:00:00Z,2015-02-12T03:00:00+0100,139,640
2015-02-12T03:00:00Z,2015-02-12T04:00:00+0100,169,602
2015-02-12T04:00:00Z,2015-02-12T05:00:00+0100,128,604
2015-02-12T05:00:00Z,2015-02-12T06:00:00+0100,101,577
2015-02-12T06:00:00Z,2015-02-12T07:00:00+0100,110,564
2015-02-12T07:00:00Z,2015-02-12T08:00:00+0100,136,564
2015-02-12T08:00:00Z,2015-02-12T09:00:00+0100,169,581
2015-02-12T09:00:00Z,2015-02-12T10:00:00+0100,204,516
2015-02-12T10:00:00Z,2015-02-12T11:00:00+0100,224,508
2015-02-12T11:00:00Z,2015-02-12T12:00:00+0100,254,487
2015-02-12T12:00:00Z,2015-02-12T13:00:00+0100,238,488
2015-02-12T13:00:00Z,2015-02-12T14:00:00+0100,208,517
2015-02-12T14:00:00Z,2015-02-12T15:00:00+0100,204,553
2015-02-12T15:00:00Z,2015-02-12T16:00:00+0100,286,583
2015-02-12T16:00:00Z,2015-02-12T17:00:00+0100,446,701
2015-02-12T17:00:00Z,2015-02-12T18:00:00+0100,519,894
2015-02-12T18:00:00Z,2015-02-12T19:00:00+0100,813,1195
2015-02-12T19:00:00Z,2015-02-12T20:00:00+0100,1007,1556
2015-02-12T20:00:00Z,2015-02-12T21:00:00+0100,1248,1889
2015-02-12T21:00:00Z,2015-02-12T22:00:00+0100,1476,2013
2015-02-12T22:00:00Z,2015-02-12T23:00:00+0100,1634,2160
2015-02-12T23:00:00Z,2015-02-13T00:00:00+0100,1708,2339
2015-02-13T00:00:00Z,2015-02-13T01:00:00+0100,1810,2510
2015-02-13T01:00:00Z,2015-02-13T02:00:00+0100,1960,2712
2015-02-13T02:00:00Z,2015-02-13T03:00:00+0100,2114,2850
2015-02-13T03:00:00Z,2015-02-13T04:00:00+0100,2403,2937
2015-02-13T04:00:00Z,2015-02-13T05:00:00+0100,2843,3003
2015-02-13T05:00:00Z,2015-02-13T06:00:00+0100,3112,3006
2015-02-13T06:00:00Z,2015-02-13T07:00:00+0100,3304,2972
2015-02-13T07:00:00Z,2015-02-13T08:00:00+0100,3466,2937
2015-02-13T08:00:00Z,2015-02-13T09:00:00+0100,3494,2815
2015-02-13T09:00:00Z,2015-02-13T10:00:00+0100,3534,2606
2015-02-13T10:00:00Z,2015-02-13T11:00:00+0100,3528,2436
2015-02-13T11:00:00Z,2015-02-13T12:00:00+0100,3372,2265
2015-02-13T12:00:00Z,2015-02-13T13:00:00+0100,3318,2193
2015-02-13T13:00:00Z,2015-02-13T14:00:00+0100,3090,2022
2015-02-13T14:00:00Z,2015-02-13T15:00:00+0100,2876,1856
2015-02-13T15:00:00Z,2015-02-13T16:00:00+0100,2622,2048
2015-02-13T16:00:00Z,2015-02-13T17:00:00+0100,2514,1924
2015-02-13T17:00:00Z,2015-02-13T18:00:00+0100,2497,1735
2015-02-13T18:00:00Z,2015-02-13T19:00:00+0100,2510,1565
2015-02-13T19:00:00Z,2015-02-13T20:00:00+0100,2510,1460
2015-02-13T20:00:00Z,2015-02-13T21:00:00+0100,2523,1273
2015-02-13T21:00:00Z,2015-02-13T22:00:00+0100,2541,1053
2015-02-13T22:00:00Z,2015-02-13T23:00:00+0100,,956
2015-02-13T23:00:00Z,2015-02-14T00:00:00+0100,,933
2015-02-14T00:00:00Z,2015-02-14T01:00:00+0100,2352,984
2015-02-14T01:00:00Z,2015-02-14T02:00:00+0100,2243,1010
2015-02-14T02:00:00Z,2015-02-14T03:00:00+0100,2049,982
2015-02-14T03:00:00Z,2015-02-14T04:00:00+0100,1856,929
2015-02-14T04:00:00Z,2015-02-14T05:00:00+0100,1703,904
2015-02-14T05:00:00Z,2015-02-14T06:00:00+0100,1588,828
2015-02-14T06:00:00Z,2015-02-14T07:00:00+0100,1344,804
2015-02-14T07:00:00Z,2015-02-14T08:00:00+0100,1239,661
2015-02-14T08:00:00Z,2015-02-14T09:00:00+0100,1261,525
2015-02-14T09:00:00Z,2015-02-14T10:00:00+0100,1242,531
2015-02-14T10:00:00Z,2015-02-14T11:00:00+0100,1204,569
2015-02-14T11:00:00Z,2015-02-14T12:00:00+0100,1164,621
2015-02-14T12:00:00Z,2015-02-14T13:00:00+0100,976,622
2015-02-14T13:00:00Z,2015-02-14T14:00:00+0100,755,574
2015-02-14T14:00:00Z,2015-02-14T15:00:00+0100,608,
2015-02-14T15:00:00Z,2015-02-14T16:00:00+0100,688,
2015-02-14T16:00:00Z,2015-02-14T17:00:00+0100,856,760
2015-02-14T17:00:00Z,2015-02-14T18:00:00+0100,918,854
2015-02-14T18:00:00Z,2015-02-14T19:00:00+0100,1028,1006
2015-02-14T19:00:00Z,2015-02-14T20:00:00+0100,928,1144
2015-02-14T20:00:00Z,2015-02-14T21:00:00+0100,960,1308
2015-02-14T21:00:00Z,2015-02-14T22:00:00+0100,893,1378
2015-02-14T22:00:00Z,2015-02-14T23:00:00+0100,828,1360
2015-02-14T23:00:00Z,2015-02-15T00:00:00+0100,878,1448
2015-02-15T00:00:00Z,2015-02-15T01:00:00+0100,783,1468
2015-02-15T01:00:00Z,2015-02-15T02:00:00+0100,,1501
2015-02-15T02:00:00Z,2015-02-15T03:00:00+0100,,1667
2015-02-15T03:00:00Z,2015-02-15T04:00:00+0100,880,1746
2015-02-15T04:00:00Z,2015-02-15T05:00:00+0100,914,1779
2015-02-15T05:00:00Z,2015-02-15T06:00:00+0100,694,2037
2015-02-15T06:00:00Z,2015-02-15T07:00:00+0100,552,2242
2015-02-15T07:00:00Z,2015-02-15T08:00:00+0100,516,2399
2015-02-15T08:00:00Z,2015-02-15T09:00:00+0100,487,2383
2015-02-15T09:00:00Z,2015-02-15T10:00:00+0100,430,2381
2015-02-15T10:00:00Z,2015-02-15T11:00:00+0100,440,2418
2015-02-15T11:00:00Z,2015-02-15T12:00:00+0100,491,2436
2015-02-15T12:00:00Z,2015-02-15T13:00:00+0100,676,2394
2015-02-15T13:00:00Z,2015-02-15T14:00:00+0100,910,2559
2015-02-15T14:00:00Z,2015-02-15T15:00:00+0100,930,2562
2015-02-15T15:00:00Z,2015-02-15T16:00:00+0100,1174,2564
2015-02-15T16:00:00Z,2015-02-15T17:00:00+0100,1380,2771
2015-02-15T17:00:00Z,2015-02-15T18:00:00+0100,1360,2983
2015-02-15T18:00:00Z,2015-02-15T19:00:00+0100,1389,
2015-02-15T19:00:00Z,2015-02-15T20:00:00+0100,1404,
2015-02-15T20:00:00Z,2015-02-15T21:00:00+0100,1420,3018
2015-02-15T21:00:00Z,2015-02-15T22:00:00+0100,1438,2946
2015-02-15T22:00:00Z,2015-02-15T23:00:00+0100,1448,2580
2015-02-15T23:00:00Z,2015-02-16T00:00:00+0100,1373,2435
2015-02-16T00:00:00Z,2015-02-16T01:00:00+0100,1290,2432
2015-02-16T01:00:00Z,2015-02-16T02:00:00+0100,1240,2492
2015-02-16T02:00:00Z,2015-02-16T03:00:00+0100,1294,2453
2015-02-16T03:00:00Z,2015-02-16T04:00:00+0100,1366,2229
2015-02-16T04:00:00Z,2015-02-16T05:00:00+0100,1362,1862
2015-02-16T05:00:00Z,2015-02-16T06:00:00+0100,1016,1486
2015-02-16T06:00:00Z,2015-02-16T07:00:00+0100,567,1065
2015-02-16T07:00:00Z,2015-02-16T08:00:00+0100,584,1076
2015-02-16T08:00:00Z,2015-02-16T09:00:00+0100,695,1079
2015-02-16T09:00:00Z,2015-02-16T10:00:00+0100,,1105
2015-02-16T10:00:00Z,2015-02-16T11:00:00+0100,,1199
2015-02-16T11:00:00Z,2015-02-16T12:00:00+0100,990,1485
2015-02-16T12:00:00Z,2015-02-16T13:00:00+0100,1038,1825
2015-02-16T13:00:00Z,2015-02-16T14:00:00+0100,1089,1981
2015-02-16T14:00:00Z,2015-02-16T15:00:00+0100,1140,2092
2015-02-16T15:00:00Z,2015-02-16T16:00:00+0100,1170,1924
2015-02-16T16:00:00Z,2015-02-16T17:00:00+0100,1177,1772
2015-02-16T17:00:00Z,2015-02-16T18:00:00+0100,1191,1735
2015-02-16T18:00:00Z,2015-02-16T19:00:00+0100,1162,1779
2015-02-16T19:00:00Z,2015-02-16T20:00:00+0100,950,1752
2015-02-16T20:00:00Z,2015-02-16T21:00:00+0100,812,1746
2015-02-16T21:00:00Z,2015-02-16T22:00:00+0100,914,1866
2015-02-16T22:00:00Z,2015-02-16T23:00:00+0100,1071,2005
2015-02-16T23:00:00Z,2015-02-17T00:00:00+0100,1228,2143
2015-02-17T00:00:00Z,2015-02-17T01:00:00+0100,1370,2276
2015-02-17T01:00:00Z,2015-02-17T02:00:00+0100,1508,2481
2015-02-17T02:00:00Z,2015-02-17T03:00:00+0100,1184,2701
2015-02-17T03:00:00Z,2015-02-17T04:00:00+0100,1439,2857
2015-02-17T04:00:00Z,2015-02-17T05:00:00+0100,1652,2891
2015-02-17T05:00:00Z,2015-02-17T06:00:00+0100,1880,2710
2015-02-17T06:00:00Z,2015-02-17T07:00:00+0100,2186,2598
2015-02-17T07:00:00Z,2015-02-17T08:00:00+0100,2416,2910
2015-02-17T08:00:00Z,2015-02-17T09:00:00+0100,2244,3018
2015-02-17T09:00:00Z,2015-02-17T10:00:00+0100,1963,2985
2015-02-17T10:00:00Z,2015-02-17T11:00:00+0100,1722,3105
2015-02-17T11:00:00Z,2015-02-17T12:00:00+0100,1504,3291
2015-02-17T12:00:00Z,2015-02-17T13:00:00+0100,1471,3494
2015-02-17T13:00:00Z,2015-02-17T14:00:00+0100,1428,3442
2015-02-17T14:00:00Z,2015-02-17T15:00:00+0100,1385,3383
2015-02-17T15:00:00Z,2015-02-17T16:00:00+0100,1316,3318
2015-02-17T16:00:00Z,2015-02-17T17:00:00+0100,1289,3270
2015-02-17T17:00:00Z,2015-02-17T18:00:00+0100,,3190
2015-02-17T18:00:00Z,2015-02-17T19:00:00+0100,,3243
2015-02-17T19:00:00Z,2015-02-17T20:00:00+0100,,3381
2015-02-17T20:00:00Z,2015-02-17T21:00:00+0100,1327,3408
2015-02-17T21:00:00Z,2015-02-17T22:00:00+0100,1333,3392
2015-02-17T22:00:00Z,2015-02-17T23:00:00+0100,1342,3269
2015-02-17T23:00:00Z,2015-02-18T00:00:00+0100,1348,3063
2015-02-18T00:00:00Z,2015-02-18T01:00:00+0100,1489,2927
2015-02-18T01:00:00Z,2015-02-18T02:00:00+0100,1620,3018
2015-02-18T02:00:00Z,2015-02-18T03:00:00+0100,1714,3036
2015-02-18T03:00:00Z,2015-02-18T04:00:00+0100,1772,2974
2015-02-18T04:00:00Z,2015-02-18T05:00:00+0100,1782,3082
2015-02-18T05:00:00Z,2015-02-18T06:00:00+0100,1793,3086
2015-02-18T06:00:00Z,2015-02-18T07:00:00+0100,1795,3087
2015-02-18T07:00:00Z,2015-02-18T08:00:00+0100,1870,3252
2015-02-18T08:00:00Z,2015-02-18T09:00:00+0100,1984,3491
2015-02-18T09:00:00Z,2015-02-18T10:00:00+0100,1974,3526
2015-02-18T10:00:00Z,2015-02-18T11:00:00+0100,1957,3541
2015-02-18T11:00:00Z,2015-02-18T12:00:00+0100,2042,3583
2015-02-18T12:00:00Z,2015-02-18T13:00:00+0100,2182,3811
2015-02-18T13:00:00Z,2015-02-18T14:00:00+0100,2339,3790
2015-02-18T14:00:00Z,2015-02-18T15:00:00+0100,2506,3705
2015-02-18T15:00:00Z,2015-02-18T16:00:00+0100,2722,3873
2015-02-18T16:00:00Z,2015-02-18T17:00:00+0100,2708,3963
2015-02-18T17:00:00Z,2015-02-18T18:00:00+0100,2678,3982
2015-02-18T18:00:00Z,2015-02-18T19:00:00+0100,2948,4085
2015-02-18T19:00:00Z,2015-02-18T20:00:00+0100,2971,4182
2015-02-18T20:00:00Z,2015-02-18T21:00:00+0100,2966,4074
2015-02-18T21:00:00Z,2015-02-18T22:00:00+0100,2962,3823
2015-02-18T22:00:00Z,2015-02-18T23:00:00+0100,3011,3621
2015-02-18T23:00:00Z,2015-02-19T00:00:00+0100,3031,3282
2015-02-19T00:00:00Z,2015-02-19T01:00:00+0100,3051,3091
2015-02-19T01:00:00Z,2015-02-19T02:00:00+0100,3173,2968
2015-02-19T02:00:00Z,2015-02-19T03:00:00+0100,3180,2904
2015-02-19T03:00:00Z,2015-02-19T04:00:00+0100,3187,2807
2015-02-19T04:00:00Z,2015-02-19T05:00:00+0100,3248,3040
2015-02-19T05:00:00Z,2015-02-19T06:00:00+0100,3294,2963
2015-02-19T06:00:00Z,2015-02-19T07:00:00+0100,3242,2908
2015-02-19T07:00:00Z,2015-02-19T08:00:00+0100,3076,3152
2015-02-19T08:00:00Z,2015-02-19T09:00:00+0100,2910,3236
2015-02-19T09:00:00Z,2015-02-19T10:00:00+0100,3035,3161
2015-02-19T10:00:00Z,2015-02-19T11:00:00+0100,2966,3239
2015-02-19T11:00:00Z,2015-02-19T12:00:00+0100,2898,3319
2015-02-19T12:00:00Z,2015-02-19T13:00:00+0100,2966,3420
2015-02-19T13:00:00Z,2015-02-19T14:00:00+0100,3056,3514
2015-02-19T14:00:00Z,2015-02-19T15:00:00+0100,3020,3392
2015-02-19T15:00:00Z,2015-02-19T16:00:00+0100,2977,3355
2015-02-19T16:00:00Z,2015-02-19T17:00:00+0100,2766,3020
2015-02-19T17:00:00Z,2015-02-19T18:00:00+0100,2622,2562
2015-02-19T18:00:00Z,2015-02-19T19:00:00+0100,2579,2483
2015-02-19T19:00:00Z,2015-02-19T20:00:00+0100,,2432
2015-02-19T20:00:00Z,2015-02-19T21:00:00+0100,,2349
2015-02-19T21:00:00Z,2015-02-19T22:00:00+0100,2202,2139
2015-02-19T22:00:00Z,2015-02-19T23:00:00+0100,2110,1993
2015-02-19T23:00:00Z,2015-02-20T00:00:00+0100,2201,1939
2015-02-20T00:00:00Z,2015-02-20T01:00:00+0100,2176,1912
2015-02-20T01:00:00Z,2015-02-20T02:00:00+0100,,1838
2015-02-20T02:00:00Z,2015-02-20T03:00:00+0100,,1719
2015-02-20T03:00:00Z,2015-02-20T04:00:00+0100,1797,1624
2015-02-20T04:00:00Z,2015-02-20T05:00:00+0100,1684,1637
2015-02-20T05:00:00Z,2015-02-20T06:00:00+0100,1422,1638
2015-02-20T06:00:00Z,2015-02-20T07:00:00+0100,1161,1576
2015-02-20T07:00:00Z,2015-02-20T08:00:00+0100,995,1411
2015-02-20T08:00:00Z,2015-02-20T09:00:00+0100,,1367
2015-02-20T09:00:00Z,2015-02-20T10:00:00+0100,,1439
2015-02-20T10:00:00Z,2015-02-20T11:00:00+0100,660,1726
2015-02-20T11:00:00Z,2015-02-20T12:00:00+0100,601,2020
2015-02-20T12:00:00Z,2015-02-20T13:00:00+0100,652,2149
2015-02-20T13:00:00Z,2015-02-20T14:00:00+0100,763,2188
2015-02-20T14:00:00Z,2015-02-20T15:00:00+0100,577,2066
2015-02-20T15:00:00Z,2015-02-20T16:00:00+0100,506,1732
2015-02-20T16:00:00Z,2015-02-20T17:00:00+0100,547,1531
2015-02-20T17:00:00Z,2015-02-20T18:00:00+0100,570,1415
2015-02-20T18:00:00Z,2015-02-20T19:00:00+0100,529,1364
2015-02-20T19:00:00Z,2015-02-20T20:00:00+0100,630,1340
2015-02-20T20:00:00Z,2015-02-20T21:00:00+0100,724,1274
2015-02-20T21:00:00Z,2015-02-20T22:00:00+0100,761,1215
2015-02-20T22:00:00Z,2015-02-20T23:00:00+0100,798,1295
2015-02-20T23:00:00Z,2015-02-21T00:00:00+0100,944,1340
2015-02-21T00:00:00Z,2015-02-21T01:00:00+0100,1038,1499
2015-02-21T01:00:00Z,2015-02-21T02:00:00+0100,1130,1575
2015-02-21T02:00:00Z,2015-02-21T03:00:00+0100,1222,1593
2015-02-21T03:00:00Z,2015-02-21T04:00:00+0100,1489,1702
2015-02-21T04:00:00Z,2015-02-21T05:00:00+0100,1326,1635
2015-02-21T05:00:00Z,2015-02-21T06:00:00+0100,1394,1759
2015-02-21T06:00:00Z,2015-02-21T07:00:00+0100,1569,1752
2015-02-21T07:00:00Z,2015-02-21T08:00:00+0100,1562,1722
2015-02-21T08:00:00Z,2015-02-21T09:00:00+0100,1665,1746
2015-02-21T09:00:00Z,2015-02-21T10:00:00+0100,,1715
2015-02-21T10:00:00Z,2015-02-21T11:00:00+0100,,1969
2015-02-21T11:00:00Z,2015-02-21T12:00:00+0100,,2181
2015-02-21T12:00:00Z,2015-02-21T13:00:00+0100,1392,2254
2015-02-21T13:00:00Z,2015-02-21T14:00:00+0100,,2338
2015-02-21T14:00:00Z,2015-02-21T15:00:00+0100,,2226
2015-02-21T15:00:00Z,2015-02-21T16:00:00+0100,1404,2112
2015-02-21T16:00:00Z,2015-02-21T17:00:00+0100,1339,1870
2015-02-21T17:00:00Z,2015-02-21T18:00:00+0100,1386,1614
2015-02-21T18:00:00Z,2015-02-21T19:00:00+0100,1364,1319
2015-02-21T19:00:00Z,2015-02-21T20:00:00+0100,1372,1140
2015-02-21T20:00:00Z,2015-02-21T21:00:00+0100,,1011
2015-02-21T21:00:00Z,2015-02-21T22:00:00+0100,,848
2015-02-21T22:00:00Z,2015-02-21T23:00:00+0100,1826,681
2015-02-21T23:00:00Z,2015-02-22T00:00:00+0100,1670,567
2015-02-22T00:00:00Z,2015-02-22T01:00:00+0100,1538,423
2015-02-22T01:00:00Z,2015-02-22T02:00:00+0100,1573,430
2015-02-22T02:00:00Z,2015-02-22T03:00:00+0100,1364,413
2015-02-22T03:00:00Z,2015-02-22T04:00:00+0100,1134,469
2015-02-22T04:00:00Z,2015-02-22T05:00:00+0100,878,547
2015-02-22T05:00:00Z,2015-02-22T06:00:00+0100,999,826
2015-02-22T06:00:00Z,2015-02-22T07:00:00+0100,1097,1174
2015-02-22T07:00:00Z,2015-02-22T08:00:00+0100,1154,1531
2015-02-22T08:00:00Z,2015-02-22T09:00:00+0100,1338,2110
2015-02-22T09:00:00Z,2015-02-22T10:00:00+0100,1508,2810
2015-02-22T10:00:00Z,2015-02-22T11:00:00+0100,,3371
2015-02-22T11:00:00Z,2015-02-22T12:00:00+0100,,3687
2015-02-22T12:00:00Z,2015-02-22T13:00:00+0100,3075,3764
2015-02-22T13:00:00Z,2015-02-22T14:00:00+0100,3101,3774
2015-02-22T14:00:00Z,2015-02-22T15:00:00+0100,3137,3884
2015-02-22T15:00:00Z,2015-02-22T16:00:00+0100,3211,3688
2015-02-22T16:00:00Z,2015-02-22T17:00:00+0100,3182,3296
2015-02-22T17:00:00Z,2015-02-22T18:00:00+0100,3168,2948
2015-02-22T18:00:00Z,2015-02-22T19:00:00+0100,3246,3076
2015-02-22T19:00:00Z,2015-02-22T20:00:00+0100,3366,3438
2015-02-22T20:00:00Z,2015-02-22T21:00:00+0100,3405,3677
2015-02-22T21:00:00Z,2015-02-22T22:00:00+0100,3407,
2015-02-22T22:00:00Z,2015-02-22T23:00:00+0100,3368,
2015-02-22T23:00:00Z,2015-02-23T00:00:00+0100,3398,3306
2015-02-23T00:00:00Z,2015-02-23T01:00:00+0100,3337,3438
2015-02-23T01:00:00Z,2015-02-23T02:00:00+0100,3396,3648
2015-02-23T02:00:00Z,2015-02-23T03:00:00+0100,3240,3587
2015-02-23T03:00:00Z,2015-02-23T04:00:00+0100,3102,3551
2015-02-23T04:00:00Z,2015-02-23T05:00:00+0100,3092,3377
2015-02-23T05:00:00Z,2015-02-23T06:00:00+0100,3147,3324
2015-02-23T06:00:00Z,2015-02-23T07:00:00+0100,3204,3374
2015-02-23T07:00:00Z,2015-02-23T08:00:00+0100,3280,3739
2015-02-23T08:00:00Z,2015-02-23T09:00:00+0100,3336,4071
2015-02-23T09:00:00Z,2015-02-23T10:00:00+0100,3326,4207
2015-02-23T10:00:00Z,2015-02-23T11:00:00+0100,3296,4350
2015-02-23T11:00:00Z,2015-02-23T12:00:00+0100,3266,4477
2015-02-23T12:00:00Z,2015-02-23T13:00:00+0100,3309,4605
2015-02-23T13:00:00Z,2015-02-23T14:00:00+0100,3345,4702
2015-02-23T14:00:00Z,2015-02-23T15:00:00+0100,3376,
2015-02-23T15:00:00Z,2015-02-23T16:00:00+0100,3399,
2015-02-23T16:00:00Z,2015-02-23T17:00:00+0100,3386,4453
2015-02-23T17:00:00Z,2015-02-23T18:00:00+0100,3373,4303
2015-02-23T18:00:00Z,2015-02-23T19:00:00+0100,3354,4153
2015-02-23T19:00:00Z,2015-02-23T20:00:00+0100,3402,4070
2015-02-23T20:00:00Z,2015-02-23T21:00:00+0100,3409,
2015-02-23T21:00:00Z,2015-02-23T22:00:00+0100,3412,
2015-02-23T22:00:00Z,2015-02-23T23:00:00+0100,3414,3923
2015-02-23T23:00:00Z,2015-02-24T00:00:00+0100,3403,3800
2015-02-24T00:00:00Z,2015-02-24T01:00:00+0100,3415,
2015-02-24T01:00:00Z,2015-02-24T02:00:00+0100,3422,
2015-02-24T02:00:00Z,2015-02-24T03:00:00+0100,3404,4053
2015-02-24T03:00:00Z,2015-02-24T04:00:00+0100,3408,4068
2015-02-24T04:00:00Z,2015-02-24T05:00:00+0100,3324,
2015-02-24T05:00:00Z,2015-02-24T06:00:00+0100,3352,
2015-02-24T06:00:00Z,2015-02-24T07:00:00+0100,3376,4175
2015-02-24T07:00:00Z,2015-02-24T08:00:00+0100,3401,4307
2015-02-24T08:00:00Z,2015-02-24T09:00:00+0100,3344,4291
2015-02-24T09:00:00Z,2015-02-24T10:00:00+0100,3275,4254
2015-02-24T10:00:00Z,2015-02-24T11:00:00+0100,3256,4380
2015-02-24T11:00:00Z,2015-02-24T12:00:00+0100,3180,4445
2015-02-24T12:00:00Z,2015-02-24T13:00:00+0100,3020,4493
2015-02-24T13:00:00Z,2015-02-24T14:00:00+0100,2990,4507
2015-02-24T14:00:00Z,2015-02-24T15:00:00+0100,3059,4431
2015-02-24T15:00:00Z,2015-02-24T16:00:00+0100,3139,4278
2015-02-24T16:00:00Z,2015-02-24T17:00:00+0100,3090,4120
2015-02-24T17:00:00Z,2015-02-24T18:00:00+0100,2991,3964
2015-02-24T18:00:00Z,2015-02-24T19:00:00+0100,3145,3842
2015-02-24T19:00:00Z,2015-02-24T20:00:00+0100,2988,3604
2015-02-24T20:00:00Z,2015-02-24T21:00:00+0100,2683,3329
2015-02-24T21:00:00Z,2015-02-24T22:00:00+0100,2782,
2015-02-24T22:00:00Z,2015-02-24T23:00:00+0100,2680,
2015-02-24T23:00:00Z,2015-02-25T00:00:00+0100,2693,2726
2015-02-25T00:00:00Z,2015-02-25T01:00:00+0100,2409,2630
2015-02-25T01:00:00Z,2015-02-25T02:00:00+0100,2160,2415
2015-02-25T02:00:00Z,2015-02-25T03:00:00+0100,1930,2184
2015-02-25T03:00:00Z,2015-02-25T04:00:00+0100,1602,1989
2015-02-25T04:00:00Z,2015-02-25T05:00:00+0100,1187,1382
2015-02-25T05:00:00Z,2015-02-25T06:00:00+0100,638,935
2015-02-25T06:00:00Z,2015-02-25T07:00:00+0100,932,1221
2015-02-25T07:00:00Z,2015-02-25T08:00:00+0100,892,1228
2015-02-25T08:00:00Z,2015-02-25T09:00:00+0100,536,873
2015-02-25T09:00:00Z,2015-02-25T10:00:00+0100,416,880
2015-02-25T10:00:00Z,2015-02-25T11:00:00+0100,319,1079
2015-02-25T11:00:00Z,2015-02-25T12:00:00+0100,262,1183
2015-02-25T12:00:00Z,2015-02-25T13:00:00+0100,251,1214
2015-02-25T13:00:00Z,2015-02-25T14:00:00+0100,261,1306
2015-02-25T14:00:00Z,2015-02-25T15:00:00+0100,288,1711
2015-02-25T15:00:00Z,2015-02-25T16:00:00+0100,410,2521
2015-02-25T16:00:00Z,2015-02-25T17:00:00+0100,970,3332
2015-02-25T17:00:00Z,2015-02-25T18:00:00+0100,1221,3680
2015-02-25T18:00:00Z,2015-02-25T19:00:00+0100,1219,
2015-02-25T19:00:00Z,2015-02-25T20:00:00+0100,1143,
2015-02-25T20:00:00Z,2015-02-25T21:00:00+0100,1492,3006
2015-02-25T21:00:00Z,2015-02-25T22:00:00+0100,1557,
2015-02-25T22:00:00Z,2015-02-25T23:00:00+0100,1892,
2015-02-25T23:00:00Z,2015-02-26T00:00:00+0100,2393,4392
2015-02-26T00:00:00Z,2015-02-26T01:00:00+0100,2500,4471
2015-02-26T01:00:00Z,2015-02-26T02:00:00+0100,2710,4652
2015-02-26T02:00:00Z,2015-02-26T03:00:00+0100,2895,5058
2015-02-26T03:00:00Z,2015-02-26T04:00:00+0100,2821,5464
2015-02-26T04:00:00Z,2015-02-26T05:00:00+0100,2774,5178
2015-02-26T05:00:00Z,2015-02-26T06:00:00+0100,2768,4763
2015-02-26T06:00:00Z,2015-02-26T07:00:00+0100,2848,4349
2015-02-26T07:00:00Z,2015-02-26T08:00:00+0100,2789,4164
2015-02-26T08:00:00Z,2015-02-26T09:00:00+0100,2704,4145
2015-02-26T09:00:00Z,2015-02-26T10:00:00+0100,2491,4125
2015-02-26T10:00:00Z,2015-02-26T11:00:00+0100,2394,4762
2015-02-26T11:00:00Z,2015-02-26T12:00:00+0100,2278,5008
2015-02-26T12:00:00Z,2015-02-26T13:00:00+0100,3090,5056
2015-02-26T13:00:00Z,2015-02-26T14:00:00+0100,2878,4514
2015-02-26T14:00:00Z,2015-02-26T15:00:00+0100,2913,3971
2015-02-26T15:00:00Z,2015-02-26T16:00:00+0100,2989,3605
2015-02-26T16:00:00Z,2015-02-26T17:00:00+0100,3106,3577
2015-02-26T17:00:00Z,2015-02-26T18:00:00+0100,2837,3522
2015-02-26T18:00:00Z,2015-02-26T19:00:00+0100,2518,3386
2015-02-26T19:00:00Z,2015-02-26T20:00:00+0100,2588,3238
2015-02-26T20:00:00Z,2015-02-26T21:00:00+0100,2725,3211
2015-02-26T21:00:00Z,2015-02-26T22:00:00+0100,2916,3153
2015-02-26T22:00:00Z,2015-02-26T23:00:00+0100,2698,3059
2015-02-26T23:00:00Z,2015-02-27T00:00:00+0100,2390,3074
2015-02-27T00:00:00Z,2015-02-27T01:00:00+0100,2440,3086
2015-02-27T01:00:00Z,2015-02-27T02:00:00+0100,2483,
2015-02-27T02:00:00Z,2015-02-27T03:00:00+0100,2536,
2015-02-27T03:00:00Z,2015-02-27T04:00:00+0100,2396,
2015-02-27T04:00:00Z,2015-02-27T05:00:00+0100,2224,2939
2015-02-27T05:00:00Z,2015-02-27T06:00:00+0100,1946,
2015-02-27T06:00:00Z,2015-02-27T07:00:00+0100,1939,
2015-02-27T07:00:00Z,2015-02-27T08:00:00+0100,1818,2432
2015-02-27T08:00:00Z,2015-02-27T09:00:00+0100,1728,2315
2015-02-27T09:00:00Z,2015-02-27T10:00:00+0100,1689,2309
2015-02-27T10:00:00Z,2015-02-27T11:00:00+0100,1610,2429
2015-02-27T11:00:00Z,2015-02-27T12:00:00+0100,1393,2619
2015-02-27T12:00:00Z,2015-02-27T13:00:00+0100,1298,2762
2015-02-27T13:00:00Z,2015-02-27T14:00:00+0100,1196,2833
2015-02-27T14:00:00Z,2015-02-27T15:00:00+0100,1077,2866
2015-02-27T15:00:00Z,2015-02-27T16:00:00+0100,1046,2763
2015-02-27T16:00:00Z,2015-02-27T17:00:00+0100,1016,2910
2015-02-27T17:00:00Z,2015-02-27T18:00:00+0100,1120,3107
2015-02-27T18:00:00Z,2015-02-27T19:00:00+0100,1378,3503
2015-02-27T19:00:00Z,2015-02-27T20:00:00+0100,1636,
2015-02-27T20:00:00Z,2015-02-27T21:00:00+0100,1982,
2015-02-27T21:00:00Z,2015-02-27T22:00:00+0100,2151,3877
2015-02-27T22:00:00Z,2015-02-27T23:00:00+0100,2394,3422
2015-02-27T23:00:00Z,2015-02-28T00:00:00+0100,2418,3246
2015-02-28T00:00:00Z,2015-02-28T01:00:00+0100,2390,2936
2015-02-28T01:00:00Z,2015-02-28T02:00:00+0100,2466,2801
2015-02-28T02:00:00Z,2015-02-28T03:00:00+0100,2752,2940
2015-02-28T03:00:00Z,2015-02-28T04:00:00+0100,2932,2928
2015-02-28T04:00:00Z,2015-02-28T05:00:00+0100,2771,2580
2015-02-28T05:00:00Z,2015-02-28T06:00:00+0100,2576,
2015-02-28T06:00:00Z,2015-02-28T07:00:00+0100,2517,
2015-02-28T07:00:00Z,2015-02-28T08:00:00+0100,2573,2125
2015-02-28T08:00:00Z,2015-02-28T09:00:00+0100,2628,
2015-02-28T09:00:00Z,2015-02-28T10:00:00+0100,2654,
2015-02-28T10:00:00Z,2015-02-28T11:00:00+0100,2746,2326
2015-02-28T11:00:00Z,2015-02-28T12:00:00+0100,3031,2542
2015-02-28T12:00:00Z,2015-02-28T13:00:00+0100,3130,2924
2015-02-28T13:00:00Z,2015-02-28T14:00:00+0100,3179,3147
2015-02-28T14:00:00Z,2015-02-28T15:00:00+0100,3296,3300
2015-02-28T15:00:00Z,2015-02-28T16:00:00+0100,3356,3448
2015-02-28T16:00:00Z,2015-02-28T17:00:00+0100,3346,3632
2015-02-28T17:00:00Z,2015-02-28T18:00:00+0100,3342,3805
2015-02-28T18:00:00Z,2015-02-28T19:00:00+0100,3279,3851
2015-02-28T19:00:00Z,2015-02-28T20:00:00+0100,3320,3726
2015-02-28T20:00:00Z,2015-02-28T21:00:00+0100,3363,3407
2015-02-28T21:00:00Z,2015-02-28T22:00:00+0100,,3167
2015-02-28T22:00:00Z,2015-02-28T23:00:00+0100,,
2015-02-28T23:00:00Z,2015-03-01T00:00:00+0100,3372,
2015-03-01T00:00:00Z,2015-03-01T01:00:00+0100,3382,3533
2015-03-01T01:00:00Z,2015-03-01T02:00:00+0100,3387,3357
2015-03-01T02:00:00Z,2015-03-01T03:00:00+0100,3370,3161
2015-03-01T03:00:00Z,2015-03-01T04:00:00+0100,3352,3254
2015-03-01T04:00:00Z,2015-03-01T05:00:00+0100,3348,3375
2015-03-01T05:00:00Z,2015-03-01T06:00:00+0100,3349,3323
2015-03-01T06:00:00Z,2015-03-01T07:00:00+0100,3376,3433
2015-03-01T07:00:00Z,2015-03-01T08:00:00+0100,3377,3319
2015-03-01T08:00:00Z,2015-03-01T09:00:00+0100,3356,3272
2015-03-01T09:00:00Z,2015-03-01T10:00:00+0100,3349,3648
2015-03-01T10:00:00Z,2015-03-01T11:00:00+0100,3367,3865
2015-03-01T11:00:00Z,2015-03-01T12:00:00+0100,3332,4015
2015-03-01T12:00:00Z,2015-03-01T13:00:00+0100,3341,4077
2015-03-01T13:00:00Z,2015-03-01T14:00:00+0100,3206,4195
2015-03-01T14:00:00Z,2015-03-01T15:00:00+0100,2465,3984
2015-03-01T15:00:00Z,2015-03-01T16:00:00+0100,1915,3825
2015-03-01T16:00:00Z,2015-03-01T17:00:00+0100,2209,3700
2015-03-01T17:00:00Z,2015-03-01T18:00:00+0100,3040,3677
2015-03-01T18:00:00Z,2015-03-01T19:00:00+0100,3316,3620
2015-03-01T19:00:00Z,2015-03-01T20:00:00+0100,3312,3779
2015-03-01T20:00:00Z,2015-03-01T21:00:00+0100,3334,3593
2015-03-01T21:00:00Z,2015-03-01T22:00:00+0100,3350,3574
2015-03-01T22:00:00Z,2015-03-01T23:00:00+0100,3342,3427
2015-03-01T23:00:00Z,2015-03-02T00:00:00+0100,3334,3279
2015-03-02T00:00:00Z,2015-03-02T01:00:00+0100,3310,3002
2015-03-02T01:00:00Z,2015-03-02T02:00:00+0100,3268,2739
2015-03-02T02:00:00Z,2015-03-02T03:00:00+0100,3292,2671
2015-03-02T03:00:00Z,2015-03-02T04:00:00+0100,3042,2560
2015-03-02T04:00:00Z,2015-03-02T05:00:00+0100,3199,2543
2015-03-02T05:00:00Z,2015-03-02T06:00:00+0100,3278,2586
2015-03-02T06:00:00Z,2015-03-02T07:00:00+0100,3234,2497
2015-03-02T07:00:00Z,2015-03-02T08:00:00+0100,3253,2344
2015-03-02T08:00:00Z,2015-03-02T09:00:00+0100,3244,2734
2015-03-02T09:00:00Z,2015-03-02T10:00:00+0100,3268,2844
2015-03-02T10:00:00Z,2015-03-02T11:00:00+0100,3310,3232
2015-03-02T11:00:00Z,2015-03-02T12:00:00+0100,3331,3635
2015-03-02T12:00:00Z,2015-03-02T13:00:00+0100,3318,3754
2015-03-02T13:00:00Z,2015-03-02T14:00:00+0100,3349,3792
2015-03-02T14:00:00Z,2015-03-02T15:00:00+0100,3344,3581
2015-03-02T15:00:00Z,2015-03-02T16:00:00+0100,3355,3666
2015-03-02T16:00:00Z,2015-03-02T17:00:00+0100,3317,3878
2015-03-02T17:00:00Z,2015-03-02T18:00:00+0100,3242,3550
2015-03-02T18:00:00Z,2015-03-02T19:00:00+0100,2988,3432
2015-03-02T19:00:00Z,2015-03-02T20:00:00+0100,3086,3330
2015-03-02T20:00:00Z,2015-03-02T21:00:00+0100,3169,3325
2015-03-02T21:00:00Z,2015-03-02T22:00:00+0100,3194,3505
2015-03-02T22:00:00Z,2015-03-02T23:00:00+0100,3274,3383
2015-03-02T23:00:00Z,2015-03-03T00:00:00+0100,3280,3307
2015-03-03T00:00:00Z,2015-03-03T01:00:00+0100,3245,3222
2015-03-03T01:00:00Z,2015-03-03T02:00:00+0100,3233,3241
2015-03-03T02:00:00Z,2015-03-03T03:00:00+0100,3160,3206
2015-03-03T03:00:00Z,2015-03-03T04:00:00+0100,3062,3103
2015-03-03T04:00:00Z,2015-03-03T05:00:00+0100,2826,3026
2015-03-03T05:00:00Z,2015-03-03T06:00:00+0100,2594,2800
2015-03-03T06:00:00Z,2015-03-03T07:00:00+0100,2862,2637
2015-03-03T07:00:00Z,2015-03-03T08:00:00+0100,3099,2789
2015-03-03T08:00:00Z,2015-03-03T09:00:00+0100,3018,2795
2015-03-03T09:00:00Z,2015-03-03T10:00:00+0100,2964,3072
2015-03-03T10:00:00Z,2015-03-03T11:00:00+0100,3062,3483
2015-03-03T11:00:00Z,2015-03-03T12:00:00+0100,3037,3723
2015-03-03T12:00:00Z,2015-03-03T13:00:00+0100,3034,3923
2015-03-03T13:00:00Z,2015-03-03T14:00:00+0100,2982,4112
2015-03-03T14:00:00Z,2015-03-03T15:00:00+0100,3130,4097
2015-03-03T15:00:00Z,2015-03-03T16:00:00+0100,3124,4087
2015-03-03T16:00:00Z,2015-03-03T17:00:00+0100,3146,4235
2015-03-03T17:00:00Z,2015-03-03T18:00:00+0100,2998,4133
2015-03-03T18:00:00Z,2015-03-03T19:00:00+0100,2943,3902
2015-03-03T19:00:00Z,2015-03-03T20:00:00+0100,3120,3964
2015-03-03T20:00:00Z,2015-03-03T21:00:00+0100,3196,3871
2015-03-03T21:00:00Z,2015-03-03T22:00:00+0100,3244,3889
2015-03-03T22:00:00Z,2015-03-03T23:00:00+0100,3247,3714
2015-03-03T23:00:00Z,2015-03-04T00:00:00+0100,3256,3699
2015-03-04T00:00:00Z,2015-03-04T01:00:00+0100,3250,3385
2015-03-04T01:00:00Z,2015-03-04T02:00:00+0100,3217,3373
2015-03-04T02:00:00Z,2015-03-04T03:00:00+0100,3152,3423
2015-03-04T03:00:00Z,2015-03-04T04:00:00+0100,3125,3489
2015-03-04T04:00:00Z,2015-03-04T05:00:00+0100,3068,3425
2015-03-04T05:00:00Z,2015-03-04T06:00:00+0100,3058,3233
2015-03-04T06:00:00Z,2015-03-04T07:00:00+0100,3092,3073
2015-03-04T07:00:00Z,2015-03-04T08:00:00+0100,3075,2904
2015-03-04T08:00:00Z,2015-03-04T09:00:00+0100,3156,2795
2015-03-04T09:00:00Z,2015-03-04T10:00:00+0100,3084,2618
2015-03-04T10:00:00Z,2015-03-04T11:00:00+0100,3000,2690
2015-03-04T11:00:00Z,2015-03-04T12:00:00+0100,2806,2749
2015-03-04T12:00:00Z,2015-03-04T13:00:00+0100,2481,2544
2015-03-04T13:00:00Z,2015-03-04T14:00:00+0100,2340,2442
2015-03-04T14:00:00Z,2015-03-04T15:00:00+0100,2039,2191
2015-03-04T15:00:00Z,2015-03-04T16:00:00+0100,1888,2003
2015-03-04T16:00:00Z,2015-03-04T17:00:00+0100,1793,1671
2015-03-04T17:00:00Z,2015-03-04T18:00:00+0100,1364,1538
2015-03-04T18:00:00Z,2015-03-04T19:00:00+0100,1162,1792
2015-03-04T19:00:00Z,2015-03-04T20:00:00+0100,1233,1906
2015-03-04T20:00:00Z,2015-03-04T21:00:00+0100,1220,2055
2015-03-04T21:00:00Z,2015-03-04T22:00:00+0100,1144,2398
2015-03-04T22:00:00Z,2015-03-04T23:00:00+0100,1386,2557
2015-03-04T23:00:00Z,2015-03-05T00:00:00+0100,1590,2666
2015-03-05T00:00:00Z,2015-03-05T01:00:00+0100,1586,2817
2015-03-05T01:00:00Z,2015-03-05T02:00:00+0100,1664,2887
2015-03-05T02:00:00Z,2015-03-05T03:00:00+0100,1528,2977
2015-03-05T03:00:00Z,2015-03-05T04:00:00+0100,1344,3061
2015-03-05T04:00:00Z,2015-03-05T05:00:00+0100,1479,3123
2015-03-05T05:00:00Z,2015-03-05T06:00:00+0100,1434,3174
2015-03-05T06:00:00Z,2015-03-05T07:00:00+0100,1536,3137
2015-03-05T07:00:00Z,2015-03-05T08:00:00+0100,1617,3465
2015-03-05T08:00:00Z,2015-03-05T09:00:00+0100,1736,3482
2015-03-05T09:00:00Z,2015-03-05T10:00:00+0100,1746,3531
2015-03-05T10:00:00Z,2015-03-05T11:00:00+0100,1669,3561
2015-03-05T11:00:00Z,2015-03-05T12:00:00+0100,1752,3747
2015-03-05T12:00:00Z,2015-03-05T13:00:00+0100,1974,3927
2015-03-05T13:00:00Z,2015-03-05T14:00:00+0100,2172,4042
2015-03-05T14:00:00Z,2015-03-05T15:00:00+0100,2229,3939
2015-03-05T15:00:00Z,2015-03-05T16:00:00+0100,2159,3634
2015-03-05T16:00:00Z,2015-03-05T17:00:00+0100,2119,3566
2015-03-05T17:00:00Z,2015-03-05T18:00:00+0100,2005,3571
2015-03-05T18:00:00Z,2015-03-05T19:00:00+0100,1892,3479
2015-03-05T19:00:00Z,2015-03-05T20:00:00+0100,1946,3314
2015-03-05T20:00:00Z,2015-03-05T21:00:00+0100,1954,3247
2015-03-05T21:00:00Z,2015-03-05T22:00:00+0100,1992,3220
2015-03-05T22:00:00Z,2015-03-05T23:00:00+0100,2184,3263
2015-03-05T23:00:00Z,2015-03-06T00:00:00+0100,2136,3053
2015-03-06T00:00:00Z,2015-03-06T01:00:00+0100,2137,2943
2015-03-06T01:00:00Z,2015-03-06T02:00:00+0100,2115,2747
2015-03-06T02:00:00Z,2015-03-06T03:00:00+0100,2124,2729
2015-03-06T03:00:00Z,2015-03-06T04:00:00+0100,1969,2717
2015-03-06T04:00:00Z,2015-03-06T05:00:00+0100,1864,2733
2015-03-06T05:00:00Z,2015-03-06T06:00:00+0100,1930,2853
2015-03-06T06:00:00Z,2015-03-06T07:00:00+0100,1944,2985
2015-03-06T07:00:00Z,2015-03-06T08:00:00+0100,1766,3717
2015-03-06T08:00:00Z,2015-03-06T09:00:00+0100,1554,4384
2015-03-06T09:00:00Z,2015-03-06T10:00:00+0100,2122,3800
2015-03-06T10:00:00Z,2015-03-06T11:00:00+0100,2122,3958
2015-03-06T11:00:00Z,2015-03-06T12:00:00+0100,2130,4172
2015-03-06T12:00:00Z,2015-03-06T13:00:00+0100,2100,4225
2015-03-06T13:00:00Z,2015-03-06T14:00:00+0100,2142,4234
2015-03-06T14:00:00Z,2015-03-06T15:00:00+0100,2282,4074
2015-03-06T15:00:00Z,2015-03-06T16:00:00+0100,2388,3969
2015-03-06T16:00:00Z,2015-03-06T17:00:00+0100,2501,3898
2015-03-06T17:00:00Z,2015-03-06T18:00:00+0100,2782,4127
2015-03-06T18:00:00Z,2015-03-06T19:00:00+0100,2937,4208
2015-03-06T19:00:00Z,2015-03-06T20:00:00+0100,3032,4208
2015-03-06T20:00:00Z,2015-03-06T21:00:00+0100,2843,4288
2015-03-06T21:00:00Z,2015-03-06T22:00:00+0100,2766,3992
2015-03-06T22:00:00Z,2015-03-06T23:00:00+0100,2822,3699
2015-03-06T23:00:00Z,2015-03-07T00:00:00+0100,3024,3551
2015-03-07T00:00:00Z,2015-03-07T01:00:00+0100,3066,3383
2015-03-07T01:00:00Z,2015-03-07T02:00:00+0100,3124,3044
2015-03-07T02:00:00Z,2015-03-07T03:00:00+0100,3145,2923
2015-03-07T03:00:00Z,2015-03-07T04:00:00+0100,3130,3550
2015-03-07T04:00:00Z,2015-03-07T05:00:00+0100,3269,3061
2015-03-07T05:00:00Z,2015-03-07T06:00:00+0100,3292,3073
2015-03-07T06:00:00Z,2015-03-07T07:00:00+0100,3286,3067
2015-03-07T07:00:00Z,2015-03-07T08:00:00+0100,3274,3164
2015-03-07T08:00:00Z,2015-03-07T09:00:00+0100,3186,3212
2015-03-07T09:00:00Z,2015-03-07T10:00:00+0100,2914,3395
2015-03-07T10:00:00Z,2015-03-07T11:00:00+0100,2846,3598
2015-03-07T11:00:00Z,2015-03-07T12:00:00+0100,2908,3655
2015-03-07T12:00:00Z,2015-03-07T13:00:00+0100,2799,3692
2015-03-07T13:00:00Z,2015-03-07T14:00:00+0100,2880,3720
2015-03-07T14:00:00Z,2015-03-07T15:00:00+0100,2965,3646
2015-03-07T15:00:00Z,2015-03-07T16:00:00+0100,3048,3645
2015-03-07T16:00:00Z,2015-03-07T17:00:00+0100,3126,3580
2015-03-07T17:00:00Z,2015-03-07T18:00:00+0100,3128,3524
2015-03-07T18:00:00Z,2015-03-07T19:00:00+0100,3120,3605
2015-03-07T19:00:00Z,2015-03-07T20:00:00+0100,3153,3656
2015-03-07T20:00:00Z,2015-03-07T21:00:00+0100,3106,3889
2015-03-07T21:00:00Z,2015-03-07T22:00:00+0100,3096,3817
2015-03-07T22:00:00Z,2015-03-07T23:00:00+0100,3024,3639
2015-03-07T23:00:00Z,2015-03-08T00:00:00+0100,2886,3357
2015-03-08T00:00:00Z,2015-03-08T01:00:00+0100,2924,3068
2015-03-08T01:00:00Z,2015-03-08T02:00:00+0100,2943,3075
2015-03-08T02:00:00Z,2015-03-08T03:00:00+0100,3088,2945
2015-03-08T03:00:00Z,2015-03-08T04:00:00+0100,3023,2787
2015-03-08T04:00:00Z,2015-03-08T05:00:00+0100,2916,3028
2015-03-08T05:00:00Z,2015-03-08T06:00:00+0100,2853,2937
2015-03-08T06:00:00Z,2015-03-08T07:00:00+0100,2562,2967
2015-03-08T07:00:00Z,2015-03-08T08:00:00+0100,2091,2903
2015-03-08T08:00:00Z,2015-03-08T09:00:00+0100,1792,2592
2015-03-08T09:00:00Z,2015-03-08T10:00:00+0100,1486,2546
2015-03-08T10:00:00Z,2015-03-08T11:00:00+0100,1588,2811
2015-03-08T11:00:00Z,2015-03-08T12:00:00+0100,1544,3286
2015-03-08T12:00:00Z,2015-03-08T13:00:00+0100,1714,3386
2015-03-08T13:00:00Z,2015-03-08T14:00:00+0100,1662,3461
2015-03-08T14:00:00Z,2015-03-08T15:00:00+0100,1652,3271
2015-03-08T15:00:00Z,2015-03-08T16:00:00+0100,1529,3061
2015-03-08T16:00:00Z,2015-03-08T17:00:00+0100,1538,3017
2015-03-08T17:00:00Z,2015-03-08T18:00:00+0100,1310,2342
2015-03-08T18:00:00Z,2015-03-08T19:00:00+0100,1314,1871
2015-03-08T19:00:00Z,2015-03-08T20:00:00+0100,1233,1660
2015-03-08T20:00:00Z,2015-03-08T21:00:00+0100,1336,1489
2015-03-08T21:00:00Z,2015-03-08T22:00:00+0100,969,1375
2015-03-08T22:00:00Z,2015-03-08T23:00:00+0100,834,1257
2015-03-08T23:00:00Z,2015-03-09T00:00:00+0100,762,1165
2015-03-09T00:00:00Z,2015-03-09T01:00:00+0100,576,999
2015-03-09T01:00:00Z,2015-03-09T02:00:00+0100,544,927
2015-03-09T02:00:00Z,2015-03-09T03:00:00+0100,518,1050
2015-03-09T03:00:00Z,2015-03-09T04:00:00+0100,496,1342
2015-03-09T04:00:00Z,2015-03-09T05:00:00+0100,712,1837
2015-03-09T05:00:00Z,2015-03-09T06:00:00+0100,1074,2045
2015-03-09T06:00:00Z,2015-03-09T07:00:00+0100,1256,2755
2015-03-09T07:00:00Z,2015-03-09T08:00:00+0100,1360,3097
2015-03-09T08:00:00Z,2015-03-09T09:00:00+0100,1542,3560
2015-03-09T09:00:00Z,2015-03-09T10:00:00+0100,1758,3114
2015-03-09T10:00:00Z,2015-03-09T11:00:00+0100,1788,3183
2015-03-09T11:00:00Z,2015-03-09T12:00:00+0100,2072,3337
2015-03-09T12:00:00Z,2015-03-09T13:00:00+0100,2210,3833
2015-03-09T13:00:00Z,2015-03-09T14:00:00+0100,2326,3808
2015-03-09T14:00:00Z,2015-03-09T15:00:00+0100,2462,3679
2015-03-09T15:00:00Z,2015-03-09T16:00:00+0100,2756,3569
2015-03-09T16:00:00Z,2015-03-09T17:00:00+0100,2820,3578
2015-03-09T17:00:00Z,2015-03-09T18:00:00+0100,2887,3880
2015-03-09T18:00:00Z,2015-03-09T19:00:00+0100,2934,3842
2015-03-09T19:00:00Z,2015-03-09T20:00:00+0100,2823,3532
2015-03-09T20:00:00Z,2015-03-09T21:00:00+0100,2822,3355
2015-03-09T21:00:00Z,2015-03-09T22:00:00+0100,2880,3381
2015-03-09T22:00:00Z,2015-03-09T23:00:00+0100,2908,3378
2015-03-09T23:00:00Z,2015-03-10T00:00:00+0100,2792,3232
2015-03-10T00:00:00Z,2015-03-10T01:00:00+0100,2660,3023
2015-03-10T01:00:00Z,2015-03-10T02:00:00+0100,2385,2917
2015-03-10T02:00:00Z,2015-03-10T03:00:00+0100,2207,2664
2015-03-10T03:00:00Z,2015-03-10T04:00:00+0100,2109,2548
2015-03-10T04:00:00Z,2015-03-10T05:00:00+0100,1841,2859
2015-03-10T05:00:00Z,2015-03-10T06:00:00+0100,1802,2701
2015-03-10T06:00:00Z,2015-03-10T07:00:00+0100,1650,2551
2015-03-10T07:00:00Z,2015-03-10T08:00:00+0100,1345,2569
2015-03-10T08:00:00Z,2015-03-10T09:00:00+0100,1169,2229
2015-03-10T09:00:00Z,2015-03-10T10:00:00+0100,1014,2094
2015-03-10T10:00:00Z,2015-03-10T11:00:00+0100,805,2170
2015-03-10T11:00:00Z,2015-03-10T12:00:00+0100,549,2097
2015-03-10T12:00:00Z,2015-03-10T13:00:00+0100,377,1754
2015-03-10T13:00:00Z,2015-03-10T14:00:00+0100,267,1441
2015-03-10T14:00:00Z,2015-03-10T15:00:00+0100,186,1002
2015-03-10T15:00:00Z,2015-03-10T16:00:00+0100,106,678
2015-03-10T16:00:00Z,2015-03-10T17:00:00+0100,70,469
2015-03-10T17:00:00Z,2015-03-10T18:00:00+0100,72,340
2015-03-10T18:00:00Z,2015-03-10T19:00:00+0100,86,475
2015-03-10T19:00:00Z,2015-03-10T20:00:00+0100,114,710
2015-03-10T20:00:00Z,2015-03-10T21:00:00+0100,195,990
2015-03-10T21:00:00Z,2015-03-10T22:00:00+0100,264,1335
2015-03-10T22:00:00Z,2015-03-10T23:00:00+0100,362,1611
2015-03-10T23:00:00Z,2015-03-11T00:00:00+0100,531,1887
2015-03-11T00:00:00Z,2015-03-11T01:00:00+0100,717,2142
2015-03-11T01:00:00Z,2015-03-11T02:00:00+0100,761,2202
2015-03-11T02:00:00Z,2015-03-11T03:00:00+0100,949,2305
2015-03-11T03:00:00Z,2015-03-11T04:00:00+0100,1146,2450
2015-03-11T04:00:00Z,2015-03-11T05:00:00+0100,1390,2801
2015-03-11T05:00:00Z,2015-03-11T06:00:00+0100,1528,2785
2015-03-11T06:00:00Z,2015-03-11T07:00:00+0100,1712,2810
2015-03-11T07:00:00Z,2015-03-11T08:00:00+0100,1896,2923
2015-03-11T08:00:00Z,2015-03-11T09:00:00+0100,1884,3480
2015-03-11T09:00:00Z,2015-03-11T10:00:00+0100,2014,3633
2015-03-11T10:00:00Z,2015-03-11T11:00:00+0100,2102,3726
2015-03-11T11:00:00Z,2015-03-11T12:00:00+0100,1990,3896
2015-03-11T12:00:00Z,2015-03-11T13:00:00+0100,1961,4184
2015-03-11T13:00:00Z,2015-03-11T14:00:00+0100,1914,4288
2015-03-11T14:00:00Z,2015-03-11T15:00:00+0100,1961,4118
2015-03-11T15:00:00Z,2015-03-11T16:00:00+0100,1886,3722
2015-03-11T16:00:00Z,2015-03-11T17:00:00+0100,1529,3362
2015-03-11T17:00:00Z,2015-03-11T18:00:00+0100,990,2672
2015-03-11T18:00:00Z,2015-03-11T19:00:00+0100,761,1951
2015-03-11T19:00:00Z,2015-03-11T20:00:00+0100,735,1344
2015-03-11T20:00:00Z,2015-03-11T21:00:00+0100,581,1065
2015-03-11T21:00:00Z,2015-03-11T22:00:00+0100,556,626
2015-03-11T22:00:00Z,2015-03-11T23:00:00+0100,664,617
2015-03-11T23:00:00Z,2015-03-12T00:00:00+0100,654,771
2015-03-12T00:00:00Z,2015-03-12T01:00:00+0100,586,887
2015-03-12T01:00:00Z,2015-03-12T02:00:00+0100,920,1323
2015-03-12T02:00:00Z,2015-03-12T03:00:00+0100,1177,1723
2015-03-12T03:00:00Z,2015-03-12T04:00:00+0100,1090,2208
2015-03-12T04:00:00Z,2015-03-12T05:00:00+0100,1289,2764
2015-03-12T05:00:00Z,2015-03-12T06:00:00+0100,1452,2743
2015-03-12T06:00:00Z,2015-03-12T07:00:00+0100,1675,2826
2015-03-12T07:00:00Z,2015-03-12T08:00:00+0100,1773,3254
2015-03-12T08:00:00Z,2015-03-12T09:00:00+0100,1829,3611
2015-03-12T09:00:00Z,2015-03-12T10:00:00+0100,1733,3760
2015-03-12T10:00:00Z,2015-03-12T11:00:00+0100,1849,3921
2015-03-12T11:00:00Z,2015-03-12T12:00:00+0100,1990,3968
2015-03-12T12:00:00Z,2015-03-12T13:00:00+0100,2052,3763
2015-03-12T13:00:00Z,2015-03-12T14:00:00+0100,2058,3731
2015-03-12T14:00:00Z,2015-03-12T15:00:00+0100,2308,3796
2015-03-12T15:00:00Z,2015-03-12T16:00:00+0100,2568,3710
2015-03-12T16:00:00Z,2015-03-12T17:00:00+0100,2684,3219
2015-03-12T17:00:00Z,2015-03-12T18:00:00+0100,2637,2774
2015-03-12T18:00:00Z,2015-03-12T19:00:00+0100,2428,2246
2015-03-12T19:00:00Z,2015-03-12T20:00:00+0100,2478,1788
2015-03-12T20:00:00Z,2015-03-12T21:00:00+0100,2527,1383
2015-03-12T21:00:00Z,2015-03-12T22:00:00+0100,2474,1168
2015-03-12T22:00:00Z,2015-03-12T23:00:00+0100,2515,1057
2015-03-12T23:00:00Z,2015-03-13T00:00:00+0100,2364,1051
2015-03-13T00:00:00Z,2015-03-13T01:00:00+0100,1682,873
2015-03-13T01:00:00Z,2015-03-13T02:00:00+0100,1274,807
2015-03-13T02:00:00Z,2015-03-13T03:00:00+0100,972,671
2015-03-13T03:00:00Z,2015-03-13T04:00:00+0100,806,570
2015-03-13T04:00:00Z,2015-03-13T05:00:00+0100,698,549
2015-03-13T05:00:00Z,2015-03-13T06:00:00+0100,610,473
2015-03-13T06:00:00Z,2015-03-13T07:00:00+0100,646,411
2015-03-13T07:00:00Z,2015-03-13T08:00:00+0100,726,356
2015-03-13T08:00:00Z,2015-03-13T09:00:00+0100,685,316
2015-03-13T09:00:00Z,2015-03-13T10:00:00+0100,567,305
2015-03-13T10:00:00Z,2015-03-13T11:00:00+0100,525,342
2015-03-13T11:00:00Z,2015-03-13T12:00:00+0100,446,348
2015-03-13T12:00:00Z,2015-03-13T13:00:00+0100,583,388
2015-03-13T13:00:00Z,2015-03-13T14:00:00+0100,678,455
2015-03-13T14:00:00Z,2015-03-13T15:00:00+0100,686,482
2015-03-13T15:00:00Z,2015-03-13T16:00:00+0100,839,468
2015-03-13T16:00:00Z,2015-03-13T17:00:00+0100,1182,676
2015-03-13T17:00:00Z,2015-03-13T18:00:00+0100,1266,528
2015-03-13T18:00:00Z,2015-03-13T19:00:00+0100,1166,550
2015-03-13T19:00:00Z,2015-03-13T20:00:00+0100,1063,572
2015-03-13T20:00:00Z,2015-03-13T21:00:00+0100,1162,653
2015-03-13T21:00:00Z,2015-03-13T22:00:00+0100,1285,701
2015-03-13T22:00:00Z,2015-03-13T23:00:00+0100,1444,709
2015-03-13T23:00:00Z,2015-03-14T00:00:00+0100,1684,801
2015-03-14T00:00:00Z,2015-03-14T01:00:00+0100,1713,889
2015-03-14T01:00:00Z,2015-03-14T02:00:00+0100,1522,903
2015-03-14T02:00:00Z,2015-03-14T03:00:00+0100,1673,909
2015-03-14T03:00:00Z,2015-03-14T04:00:00+0100,1727,819
2015-03-14T04:00:00Z,2015-03-14T05:00:00+0100,1894,839
2015-03-14T05:00:00Z,2015-03-14T06:00:00+0100,2000,820
2015-03-14T06:00:00Z,2015-03-14T07:00:00+0100,1881,814
2015-03-14T07:00:00Z,2015-03-14T08:00:00+0100,2070,934
2015-03-14T08:00:00Z,2015-03-14T09:00:00+0100,1804,844
2015-03-14T09:00:00Z,2015-03-14T10:00:00+0100,1698,907
2015-03-14T10:00:00Z,2015-03-14T11:00:00+0100,1604,978
2015-03-14T11:00:00Z,2015-03-14T12:00:00+0100,1406,997
2015-03-14T12:00:00Z,2015-03-14T13:00:00+0100,1525,988
2015-03-14T13:00:00Z,2015-03-14T14:00:00+0100,1820,936
2015-03-14T14:00:00Z,2015-03-14T15:00:00+0100,1976,813
2015-03-14T15:00:00Z,2015-03-14T16:00:00+0100,1932,724
2015-03-14T16:00:00Z,2015-03-14T17:00:00+0100,2028,757
2015-03-14T17:00:00Z,2015-03-14T18:00:00+0100,2140,804
2015-03-14T18:00:00Z,2015-03-14T19:00:00+0100,2329,923
2015-03-14T19:00:00Z,2015-03-14T20:00:00+0100,2302,1081
2015-03-14T20:00:00Z,2015-03-14T21:00:00+0100,2112,1176
2015-03-14T21:00:00Z,2015-03-14T22:00:00+0100,2206,1199
2015-03-14T22:00:00Z,2015-03-14T23:00:00+0100,1956,1167
2015-03-14T23:00:00Z,2015-03-15T00:00:00+0100,1626,1152
2015-03-15T00:00:00Z,2015-03-15T01:00:00+0100,1636,1071
2015-03-15T01:00:00Z,2015-03-15T02:00:00+0100,1867,1007
2015-03-15T02:00:00Z,2015-03-15T03:00:00+0100,1921,999
2015-03-15T03:00:00Z,2015-03-15T04:00:00+0100,1896,943
2015-03-15T04:00:00Z,2015-03-15T05:00:00+0100,1792,1006
2015-03-15T05:00:00Z,2015-03-15T06:00:00+0100,1796,1113
2015-03-15T06:00:00Z,2015-03-15T07:00:00+0100,1672,1181
2015-03-15T07:00:00Z,2015-03-15T08:00:00+0100,1737,1180
2015-03-15T08:00:00Z,2015-03-15T09:00:00+0100,1658,994
2015-03-15T09:00:00Z,2015-03-15T10:00:00+0100,1424,878
2015-03-15T10:00:00Z,2015-03-15T11:00:00+0100,1414,931
2015-03-15T11:00:00Z,2015-03-15T12:00:00+0100,1222,994
2015-03-15T12:00:00Z,2015-03-15T13:00:00+0100,1125,964
2015-03-15T13:00:00Z,2015-03-15T14:00:00+0100,1316,990
2015-03-15T14:00:00Z,2015-03-15T15:00:00+0100,1234,1103
2015-03-15T15:00:00Z,2015-03-15T16:00:00+0100,1162,1153
2015-03-15T16:00:00Z,2015-03-15T17:00:00+0100,1264,1035
2015-03-15T17:00:00Z,2015-03-15T18:00:00+0100,1582,948
2015-03-15T18:00:00Z,2015-03-15T19:00:00+0100,1943,1096
2015-03-15T19:00:00Z,2015-03-15T20:00:00+0100,2028,1241
2015-03-15T20:00:00Z,2015-03-15T21:00:00+0100,1811,1264
2015-03-15T21:00:00Z,2015-03-15T22:00:00+0100,1867,1264
2015-03-15T22:00:00Z,2015-03-15T23:00:00+0100,1756,1214
2015-03-15T23:00:00Z,2015-03-16T00:00:00+0100,1422,1131
2015-03-16T00:00:00Z,2015-03-16T01:00:00+0100,1148,1078
2015-03-16T01:00:00Z,2015-03-16T02:00:00+0100,1074,1082
2015-03-16T02:00:00Z,2015-03-16T03:00:00+0100,946,995
2015-03-16T03:00:00Z,2015-03-16T04:00:00+0100,990,932
2015-03-16T04:00:00Z,2015-03-16T05:00:00+0100,780,816
2015-03-16T05:00:00Z,2015-03-16T06:00:00+0100,728,786
2015-03-16T06:00:00Z,2015-03-16T07:00:00+0100,585,725
2015-03-16T07:00:00Z,2015-03-16T08:00:00+0100,526,712
2015-03-16T08:00:00Z,2015-03-16T09:00:00+0100,418,748
2015-03-16T09:00:00Z,2015-03-16T10:00:00+0100,416,725
2015-03-16T10:00:00Z,2015-03-16T11:00:00+0100,405,720
2015-03-16T11:00:00Z,2015-03-16T12:00:00+0100,355,642
2015-03-16T12:00:00Z,2015-03-16T13:00:00+0100,282,607
2015-03-16T13:00:00Z,2015-03-16T14:00:00+0100,228,562
2015-03-16T14:00:00Z,2015-03-16T15:00:00+0100,218,485
2015-03-16T15:00:00Z,2015-03-16T16:00:00+0100,326,492
2015-03-16T16:00:00Z,2015-03-16T17:00:00+0100,406,451
2015-03-16T17:00:00Z,2015-03-16T18:00:00+0100,482,485
2015-03-16T18:00:00Z,2015-03-16T19:00:00+0100,570,548
2015-03-16T19:00:00Z,2015-03-16T20:00:00+0100,407,556
2015-03-16T20:00:00Z,2015-03-16T21:00:00+0100,294,515
2015-03-16T21:00:00Z,2015-03-16T22:00:00+0100,242,538
2015-03-16T22:00:00Z,2015-03-16T23:00:00+0100,190,484
2015-03-16T23:00:00Z,2015-03-17T00:00:00+0100,217,446
2015-03-17T00:00:00Z,2015-03-17T01:00:00+0100,186,430
2015-03-17T01:00:00Z,2015-03-17T02:00:00+0100,180,332
2015-03-17T02:00:00Z,2015-03-17T03:00:00+0100,204,300
2015-03-17T03:00:00Z,2015-03-17T04:00:00+0100,230,231
2015-03-17T04:00:00Z,2015-03-17T05:00:00+0100,294,204
2015-03-17T05:00:00Z,2015-03-17T06:00:00+0100,212,202
2015-03-17T06:00:00Z,2015-03-17T07:00:00+0100,244,200
2015-03-17T07:00:00Z,2015-03-17T08:00:00+0100,208,217
2015-03-17T08:00:00Z,2015-03-17T09:00:00+0100,199,223
2015-03-17T09:00:00Z,2015-03-17T10:00:00+0100,120,240
2015-03-17T10:00:00Z,2015-03-17T11:00:00+0100,82,215
2015-03-17T11:00:00Z,2015-03-17T12:00:00+0100,72,177
2015-03-17T12:00:00Z,2015-03-17T13:00:00+0100,106,126
2015-03-17T13:00:00Z,2015-03-17T14:00:00+0100,172,92
2015-03-17T14:00:00Z,2015-03-17T15:00:00+0100,230,90
2015-03-17T15:00:00Z,2015-03-17T16:00:00+0100,280,86
2015-03-17T16:00:00Z,2015-03-17T17:00:00+0100,360,71
2015-03-17T17:00:00Z,2015-03-17T18:00:00+0100,418,64
2015-03-17T18:00:00Z,2015-03-17T19:00:00+0100,494,64
2015-03-17T19:00:00Z,2015-03-17T20:00:00+0100,460,61
2015-03-17T20:00:00Z,2015-03-17T21:00:00+0100,366,53
2015-03-17T21:00:00Z,2015-03-17T22:00:00+0100,302,45
2015-03-17T22:00:00Z,2015-03-17T23:00:00+0100,322,42
2015-03-17T23:00:00Z,2015-03-18T00:00:00+0100,335,50
2015-03-18T00:00:00Z,2015-03-18T01:00:00+0100,353,53
2015-03-18T01:00:00Z,2015-03-18T02:00:00+0100,414,66
2015-03-18T02:00:00Z,2015-03-18T03:00:00+0100,522,87
2015-03-18T03:00:00Z,2015-03-18T04:00:00+0100,558,98
2015-03-18T04:00:00Z,2015-03-18T05:00:00+0100,598,86
2015-03-18T05:00:00Z,2015-03-18T06:00:00+0100,624,94
2015-03-18T06:00:00Z,2015-03-18T07:00:00+0100,652,103
2015-03-18T07:00:00Z,2015-03-18T08:00:00+0100,710,107
2015-03-18T08:00:00Z,2015-03-18T09:00:00+0100,859,97
2015-03-18T09:00:00Z,2015-03-18T10:00:00+0100,772,99
2015-03-18T10:00:00Z,2015-03-18T11:00:00+0100,688,107
2015-03-18T11:00:00Z,2015-03-18T12:00:00+0100,548,137
2015-03-18T12:00:00Z,2015-03-18T13:00:00+0100,417,145
2015-03-18T13:00:00Z,2015-03-18T14:00:00+0100,402,140
2015-03-18T14:00:00Z,2015-03-18T15:00:00+0100,455,155
2015-03-18T15:00:00Z,2015-03-18T16:00:00+0100,508,170
2015-03-18T16:00:00Z,2015-03-18T17:00:00+0100,700,169
2015-03-18T17:00:00Z,2015-03-18T18:00:00+0100,908,173
2015-03-18T18:00:00Z,2015-03-18T19:00:00+0100,1085,194
2015-03-18T19:00:00Z,2015-03-18T20:00:00+0100,1294,241
2015-03-18T20:00:00Z,2015-03-18T21:00:00+0100,1174,267
2015-03-18T21:00:00Z,2015-03-18T22:00:00+0100,1102,272
2015-03-18T22:00:00Z,2015-03-18T23:00:00+0100,902,269
2015-03-18T23:00:00Z,2015-03-19T00:00:00+0100,948,261
2015-03-19T00:00:00Z,2015-03-19T01:00:00+0100,918,280
2015-03-19T01:00:00Z,2015-03-19T02:00:00+0100,1000,315
2015-03-19T02:00:00Z,2015-03-19T03:00:00+0100,1186,335
2015-03-19T03:00:00Z,2015-03-19T04:00:00+0100,1329,352
2015-03-19T04:00:00Z,2015-03-19T05:00:00+0100,1378,341
2015-03-19T05:00:00Z,2015-03-19T06:00:00+0100,1457,345
2015-03-19T06:00:00Z,2015-03-19T07:00:00+0100,1446,343
2015-03-19T07:00:00Z,2015-03-19T08:00:00+0100,1472,339
2015-03-19T08:00:00Z,2015-03-19T09:00:00+0100,1384,310
2015-03-19T09:00:00Z,2015-03-19T10:00:00+0100,1351,297
2015-03-19T10:00:00Z,2015-03-19T11:00:00+0100,1470,276
2015-03-19T11:00:00Z,2015-03-19T12:00:00+0100,1399,301
2015-03-19T12:00:00Z,2015-03-19T13:00:00+0100,1404,343
2015-03-19T13:00:00Z,2015-03-19T14:00:00+0100,1354,371
2015-03-19T14:00:00Z,2015-03-19T15:00:00+0100,1356,406
2015-03-19T15:00:00Z,2015-03-19T16:00:00+0100,1389,491
2015-03-19T16:00:00Z,2015-03-19T17:00:00+0100,1353,532
2015-03-19T17:00:00Z,2015-03-19T18:00:00+0100,1343,583
2015-03-19T18:00:00Z,2015-03-19T19:00:00+0100,1314,586
2015-03-19T19:00:00Z,2015-03-19T20:00:00+0100,1308,802
2015-03-19T20:00:00Z,2015-03-19T21:00:00+0100,1164,773
2015-03-19T21:00:00Z,2015-03-19T22:00:00+0100,1008,850
2015-03-19T22:00:00Z,2015-03-19T23:00:00+0100,928,802
2015-03-19T23:00:00Z,2015-03-20T00:00:00+0100,896,785
2015-03-20T00:00:00Z,2015-03-20T01:00:00+0100,857,865
2015-03-20T01:00:00Z,2015-03-20T02:00:00+0100,834,913
2015-03-20T02:00:00Z,2015-03-20T03:00:00+0100,780,975
2015-03-20T03:00:00Z,2015-03-20T04:00:00+0100,682,1186
2015-03-20T04:00:00Z,2015-03-20T05:00:00+0100,548,1176
2015-03-20T05:00:00Z,2015-03-20T06:00:00+0100,444,1167
2015-03-20T06:00:00Z,2015-03-20T07:00:00+0100,382,1231
2015-03-20T07:00:00Z,2015-03-20T08:00:00+0100,311,1250
2015-03-20T08:00:00Z,2015-03-20T09:00:00+0100,262,1482
2015-03-20T09:00:00Z,2015-03-20T10:00:00+0100,257,1437
2015-03-20T10:00:00Z,2015-03-20T11:00:00+0100,324,1483
2015-03-20T11:00:00Z,2015-03-20T12:00:00+0100,338,1890
2015-03-20T12:00:00Z,2015-03-20T13:00:00+0100,356,2027
2015-03-20T13:00:00Z,2015-03-20T14:00:00+0100,468,2009
2015-03-20T14:00:00Z,2015-03-20T15:00:00+0100,644,2271
2015-03-20T15:00:00Z,2015-03-20T16:00:00+0100,732,2346
2015-03-20T16:00:00Z,2015-03-20T17:00:00+0100,792,2236
2015-03-20T17:00:00Z,2015-03-20T18:00:00+0100,1066,2102
2015-03-20T18:00:00Z,2015-03-20T19:00:00+0100,1310,2048
2015-03-20T19:00:00Z,2015-03-20T20:00:00+0100,1444,2072
2015-03-20T20:00:00Z,2015-03-20T21:00:00+0100,1504,1999
2015-03-20T21:00:00Z,2015-03-20T22:00:00+0100,1555,1673
2015-03-20T22:00:00Z,2015-03-20T23:00:00+0100,1726,1637
2015-03-20T23:00:00Z,2015-03-21T00:00:00+0100,928,1368
2015-03-21T00:00:00Z,2015-03-21T01:00:00+0100,975,1178
2015-03-21T01:00:00Z,2015-03-21T02:00:00+0100,1177,1064
2015-03-21T02:00:00Z,2015-03-21T03:00:00+0100,1471,1127
2015-03-21T03:00:00Z,2015-03-21T04:00:00+0100,1675,1201
2015-03-21T04:00:00Z,2015-03-21T05:00:00+0100,1564,1174
2015-03-21T05:00:00Z,2015-03-21T06:00:00+0100,1728,1142
2015-03-21T06:00:00Z,2015-03-21T07:00:00+0100,1637,1057
2015-03-21T07:00:00Z,2015-03-21T08:00:00+0100,1732,1013
2015-03-21T08:00:00Z,2015-03-21T09:00:00+0100,2087,1025
2015-03-21T09:00:00Z,2015-03-21T10:00:00+0100,2168,954
2015-03-21T10:00:00Z,2015-03-21T11:00:00+0100,2082,825
2015-03-21T11:00:00Z,2015-03-21T12:00:00+0100,2054,620
2015-03-21T12:00:00Z,2015-03-21T13:00:00+0100,1976,545
2015-03-21T13:00:00Z,2015-03-21T14:00:00+0100,1945,424
2015-03-21T14:00:00Z,2015-03-21T15:00:00+0100,1890,406
2015-03-21T15:00:00Z,2015-03-21T16:00:00+0100,1886,413
2015-03-21T16:00:00Z,2015-03-21T17:00:00+0100,1930,423
2015-03-21T17:00:00Z,2015-03-21T18:00:00+0100,1969,391
2015-03-21T18:00:00Z,2015-03-21T19:00:00+0100,1831,354
2015-03-21T19:00:00Z,2015-03-21T20:00:00+0100,1746,396
2015-03-21T20:00:00Z,2015-03-21T21:00:00+0100,1631,481
2015-03-21T21:00:00Z,2015-03-21T22:00:00+0100,1690,531
2015-03-21T22:00:00Z,2015-03-21T23:00:00+0100,1658,572
2015-03-21T23:00:00Z,2015-03-22T00:00:00+0100,1613,654
2015-03-22T00:00:00Z,2015-03-22T01:00:00+0100,1478,687
2015-03-22T01:00:00Z,2015-03-22T02:00:00+0100,1176,776
2015-03-22T02:00:00Z,2015-03-22T03:00:00+0100,1030,902
2015-03-22T03:00:00Z,2015-03-22T04:00:00+0100,803,1013
2015-03-22T04:00:00Z,2015-03-22T05:00:00+0100,698,1086
2015-03-22T05:00:00Z,2015-03-22T06:00:00+0100,616,1162
2015-03-22T06:00:00Z,2015-03-22T07:00:00+0100,640,1351
2015-03-22T07:00:00Z,2015-03-22T08:00:00+0100,599,1365
2015-03-22T08:00:00Z,2015-03-22T09:00:00+0100,579,1424
2015-03-22T09:00:00Z,2015-03-22T10:00:00+0100,560,1472
2015-03-22T10:00:00Z,2015-03-22T11:00:00+0100,521,1574
2015-03-22T11:00:00Z,2015-03-22T12:00:00+0100,478,1644
2015-03-22T12:00:00Z,2015-03-22T13:00:00+0100,328,1672
2015-03-22T13:00:00Z,2015-03-22T14:00:00+0100,247,1655
2015-03-22T14:00:00Z,2015-03-22T15:00:00+0100,208,1852
2015-03-22T15:00:00Z,2015-03-22T16:00:00+0100,229,1978
2015-03-22T16:00:00Z,2015-03-22T17:00:00+0100,259,2127
2015-03-22T17:00:00Z,2015-03-22T18:00:00+0100,277,2198
2015-03-22T18:00:00Z,2015-03-22T19:00:00+0100,310,2273
2015-03-22T19:00:00Z,2015-03-22T20:00:00+0100,428,2396
2015-03-22T20:00:00Z,2015-03-22T21:00:00+0100,638,2492
2015-03-22T21:00:00Z,2015-03-22T22:00:00+0100,864,2921
2015-03-22T22:00:00Z,2015-03-22T23:00:00+0100,1072,3106
2015-03-22T23:00:00Z,2015-03-23T00:00:00+0100,1624,3314
2015-03-23T00:00:00Z,2015-03-23T01:00:00+0100,1874,3354
2015-03-23T01:00:00Z,2015-03-23T02:00:00+0100,1806,3229
2015-03-23T02:00:00Z,2015-03-23T03:00:00+0100,1754,3159
2015-03-23T03:00:00Z,2015-03-23T04:00:00+0100,1714,3122
2015-03-23T04:00:00Z,2015-03-23T05:00:00+0100,1656,2879
2015-03-23T05:00:00Z,2015-03-23T06:00:00+0100,1584,2595
2015-03-23T06:00:00Z,2015-03-23T07:00:00+0100,1585,2408
2015-03-23T07:00:00Z,2015-03-23T08:00:00+0100,1642,2157
2015-03-23T08:00:00Z,2015-03-23T09:00:00+0100,1455,2117
2015-03-23T09:00:00Z,2015-03-23T10:00:00+0100,932,2526
2015-03-23T10:00:00Z,2015-03-23T11:00:00+0100,820,2970
2015-03-23T11:00:00Z,2015-03-23T12:00:00+0100,945,2244
2015-03-23T12:00:00Z,2015-03-23T13:00:00+0100,840,2125
2015-03-23T13:00:00Z,2015-03-23T14:00:00+0100,861,1989
2015-03-23T14:00:00Z,2015-03-23T15:00:00+0100,818,1990
2015-03-23T15:00:00Z,2015-03-23T16:00:00+0100,736,1882
2015-03-23T16:00:00Z,2015-03-23T17:00:00+0100,695,1830
2015-03-23T17:00:00Z,2015-03-23T18:00:00+0100,605,1439
2015-03-23T18:00:00Z,2015-03-23T19:00:00+0100,553,1079
2015-03-23T19:00:00Z,2015-03-23T20:00:00+0100,586,1156
2015-03-23T20:00:00Z,2015-03-23T21:00:00+0100,622,876
2015-03-23T21:00:00Z,2015-03-23T22:00:00+0100,558,869
2015-03-23T22:00:00Z,2015-03-23T23:00:00+0100,318,803
2015-03-23T23:00:00Z,2015-03-24T00:00:00+0100,154,830
2015-03-24T00:00:00Z,2015-03-24T01:00:00+0100,155,815
2015-03-24T01:00:00Z,2015-03-24T02:00:00+0100,282,792
2015-03-24T02:00:00Z,2015-03-24T03:00:00+0100,450,845
2015-03-24T03:00:00Z,2015-03-24T04:00:00+0100,512,896
2015-03-24T04:00:00Z,2015-03-24T05:00:00+0100,487,907
2015-03-24T05:00:00Z,2015-03-24T06:00:00+0100,407,863
2015-03-24T06:00:00Z,2015-03-24T07:00:00+0100,523,740
2015-03-24T07:00:00Z,2015-03-24T08:00:00+0100,484,607
2015-03-24T08:00:00Z,2015-03-24T09:00:00+0100,406,518
2015-03-24T09:00:00Z,2015-03-24T10:00:00+0100,429,602
2015-03-24T10:00:00Z,2015-03-24T11:00:00+0100,378,747
2015-03-24T11:00:00Z,2015-03-24T12:00:00+0100,226,756
2015-03-24T12:00:00Z,2015-03-24T13:00:00+0100,263,812
2015-03-24T13:00:00Z,2015-03-24T14:00:00+0100,227,906
2015-03-24T14:00:00Z,2015-03-24T15:00:00+0100,174,933
2015-03-24T15:00:00Z,2015-03-24T16:00:00+0100,186,935
2015-03-24T16:00:00Z,2015-03-24T17:00:00+0100,159,941
2015-03-24T17:00:00Z,2015-03-24T18:00:00+0100,169,820
2015-03-24T18:00:00Z,2015-03-24T19:00:00+0100,169,726
2015-03-24T19:00:00Z,2015-03-24T20:00:00+0100,142,690
2015-03-24T20:00:00Z,2015-03-24T21:00:00+0100,176,578
2015-03-24T21:00:00Z,2015-03-24T22:00:00+0100,202,518
2015-03-24T22:00:00Z,2015-03-24T23:00:00+0100,138,416
2015-03-24T23:00:00Z,2015-03-25T00:00:00+0100,144,310
2015-03-25T00:00:00Z,2015-03-25T01:00:00+0100,191,308
2015-03-25T01:00:00Z,2015-03-25T02:00:00+0100,244,264
2015-03-25T02:00:00Z,2015-03-25T03:00:00+0100,290,235
2015-03-25T03:00:00Z,2015-03-25T04:00:00+0100,251,192
2015-03-25T04:00:00Z,2015-03-25T05:00:00+0100,370,167
2015-03-25T05:00:00Z,2015-03-25T06:00:00+0100,346,114
2015-03-25T06:00:00Z,2015-03-25T07:00:00+0100,366,90
2015-03-25T07:00:00Z,2015-03-25T08:00:00+0100,433,84
2015-03-25T08:00:00Z,2015-03-25T09:00:00+0100,468,96
2015-03-25T09:00:00Z,2015-03-25T10:00:00+0100,418,111
2015-03-25T10:00:00Z,2015-03-25T11:00:00+0100,396,206
2015-03-25T11:00:00Z,2015-03-25T12:00:00+0100,290,321
2015-03-25T12:00:00Z,2015-03-25T13:00:00+0100,188,426
2015-03-25T13:00:00Z,2015-03-25T14:00:00+0100,174,585
2015-03-25T14:00:00Z,2015-03-25T15:00:00+0100,171,807
2015-03-25T15:00:00Z,2015-03-25T16:00:00+0100,124,1028
2015-03-25T16:00:00Z,2015-03-25T17:00:00+0100,68,1292
2015-03-25T17:00:00Z,2015-03-25T18:00:00+0100,50,1516
2015-03-25T18:00:00Z,2015-03-25T19:00:00+0100,88,1618
2015-03-25T19:00:00Z,2015-03-25T20:00:00+0100,105,1870
2015-03-25T20:00:00Z,2015-03-25T21:00:00+0100,168,2182
2015-03-25T21:00:00Z,2015-03-25T22:00:00+0100,307,2458
2015-03-25T22:00:00Z,2015-03-25T23:00:00+0100,699,2760
2015-03-25T23:00:00Z,2015-03-26T00:00:00+0100,1383,2721
2015-03-26T00:00:00Z,2015-03-26T01:00:00+0100,1730,2782
2015-03-26T01:00:00Z,2015-03-26T02:00:00+0100,1982,2757
2015-03-26T02:00:00Z,2015-03-26T03:00:00+0100,2052,2714
2015-03-26T03:00:00Z,2015-03-26T04:00:00+0100,2213,2882
2015-03-26T04:00:00Z,2015-03-26T05:00:00+0100,2543,2965
2015-03-26T05:00:00Z,2015-03-26T06:00:00+0100,2651,2701
2015-03-26T06:00:00Z,2015-03-26T07:00:00+0100,2540,2361
2015-03-26T07:00:00Z,2015-03-26T08:00:00+0100,2800,2449
2015-03-26T08:00:00Z,2015-03-26T09:00:00+0100,3226,2913
2015-03-26T09:00:00Z,2015-03-26T10:00:00+0100,3498,2646
2015-03-26T10:00:00Z,2015-03-26T11:00:00+0100,3462,2842
2015-03-26T11:00:00Z,2015-03-26T12:00:00+0100,3344,3180
2015-03-26T12:00:00Z,2015-03-26T13:00:00+0100,3168,3385
2015-03-26T13:00:00Z,2015-03-26T14:00:00+0100,2736,3586
2015-03-26T14:00:00Z,2015-03-26T15:00:00+0100,2871,3893
2015-03-26T15:00:00Z,2015-03-26T16:00:00+0100,3370,4091
2015-03-26T16:00:00Z,2015-03-26T17:00:00+0100,3423,4001
2015-03-26T17:00:00Z,2015-03-26T18:00:00+0100,3397,3832
2015-03-26T18:00:00Z,2015-03-26T19:00:00+0100,3346,3691
2015-03-26T19:00:00Z,2015-03-26T20:00:00+0100,3368,3639
2015-03-26T20:00:00Z,2015-03-26T21:00:00+0100,3314,3447
2015-03-26T21:00:00Z,2015-03-26T22:00:00+0100,3328,3068
2015-03-26T22:00:00Z,2015-03-26T23:00:00+0100,3254,2872
2015-03-26T23:00:00Z,2015-03-27T00:00:00+0100,3220,2485
2015-03-27T00:00:00Z,2015-03-27T01:00:00+0100,3072,1886
2015-03-27T01:00:00Z,2015-03-27T02:00:00+0100,3090,1585
2015-03-27T02:00:00Z,2015-03-27T03:00:00+0100,2826,1288
2015-03-27T03:00:00Z,2015-03-27T04:00:00+0100,2534,1097
2015-03-27T04:00:00Z,2015-03-27T05:00:00+0100,2254,1030
2015-03-27T05:00:00Z,2015-03-27T06:00:00+0100,1966,874
2015-03-27T06:00:00Z,2015-03-27T07:00:00+0100,1767,705
2015-03-27T07:00:00Z,2015-03-27T08:00:00+0100,1538,701
2015-03-27T08:00:00Z,2015-03-27T09:00:00+0100,1038,624
2015-03-27T09:00:00Z,2015-03-27T10:00:00+0100,674,699
2015-03-27T10:00:00Z,2015-03-27T11:00:00+0100,391,882
2015-03-27T11:00:00Z,2015-03-27T12:00:00+0100,294,1102
2015-03-27T12:00:00Z,2015-03-27T13:00:00+0100,320,1314
2015-03-27T13:00:00Z,2015-03-27T14:00:00+0100,216,1497
2015-03-27T14:00:00Z,2015-03-27T15:00:00+0100,181,1528
2015-03-27T15:00:00Z,2015-03-27T16:00:00+0100,184,1450
2015-03-27T16:00:00Z,2015-03-27T17:00:00+0100,130,1189
2015-03-27T17:00:00Z,2015-03-27T18:00:00+0100,180,853
2015-03-27T18:00:00Z,2015-03-27T19:00:00+0100,240,734
2015-03-27T19:00:00Z,2015-03-27T20:00:00+0100,265,773
2015-03-27T20:00:00Z,2015-03-27T21:00:00+0100,356,806
2015-03-27T21:00:00Z,2015-03-27T22:00:00+0100,341,808
2015-03-27T22:00:00Z,2015-03-27T23:00:00+0100,396,886
2015-03-27T23:00:00Z,2015-03-28T00:00:00+0100,560,971
2015-03-28T00:00:00Z,2015-03-28T01:00:00+0100,805,1332
2015-03-28T01:00:00Z,2015-03-28T02:00:00+0100,972,1720
2015-03-28T02:00:00Z,2015-03-28T03:00:00+0100,1328,2118
2015-03-28T03:00:00Z,2015-03-28T04:00:00+0100,1876,2554
2015-03-28T04:00:00Z,2015-03-28T05:00:00+0100,2272,2774
2015-03-28T05:00:00Z,2015-03-28T06:00:00+0100,2693,2725
2015-03-28T06:00:00Z,2015-03-28T07:00:00+0100,2862,2786
2015-03-28T07:00:00Z,2015-03-28T08:00:00+0100,2984,3222
2015-03-28T08:00:00Z,2015-03-28T09:00:00+0100,3089,3412
2015-03-28T09:00:00Z,2015-03-28T10:00:00+0100,3079,3646
2015-03-28T10:00:00Z,2015-03-28T11:00:00+0100,3254,3472
2015-03-28T11:00:00Z,2015-03-28T12:00:00+0100,3428,3596
2015-03-28T12:00:00Z,2015-03-28T13:00:00+0100,3464,3478
2015-03-28T13:00:00Z,2015-03-28T14:00:00+0100,3484,3538
2015-03-28T14:00:00Z,2015-03-28T15:00:00+0100,3470,3504
2015-03-28T15:00:00Z,2015-03-28T16:00:00+0100,3374,3438
2015-03-28T16:00:00Z,2015-03-28T17:00:00+0100,3306,3310
2015-03-28T17:00:00Z,2015-03-28T18:00:00+0100,3162,3359
2015-03-28T18:00:00Z,2015-03-28T19:00:00+0100,3397,3104
2015-03-28T19:00:00Z,2015-03-28T20:00:00+0100,3197,2466
2015-03-28T20:00:00Z,2015-03-28T21:00:00+0100,3242,2090
2015-03-28T21:00:00Z,2015-03-28T22:00:00+0100,3422,2074
2015-03-28T22:00:00Z,2015-03-28T23:00:00+0100,3402,1862
2015-03-28T23:00:00Z,2015-03-29T00:00:00+0100,3396,2148
2015-03-29T00:00:00Z,2015-03-29T01:00:00+0100,3330,2530
2015-03-29T01:00:00Z,2015-03-29T03:00:00+0200,3472,1987
2015-03-29T02:00:00Z,2015-03-29T04:00:00+0200,3483,1627
2015-03-29T03:00:00Z,2015-03-29T05:00:00+0200,3400,1412
2015-03-29T04:00:00Z,2015-03-29T06:00:00+0200,3251,1304
2015-03-29T05:00:00Z,2015-03-29T07:00:00+0200,3382,1270
2015-03-29T06:00:00Z,2015-03-29T08:00:00+0200,3284,1315
2015-03-29T07:00:00Z,2015-03-29T09:00:00+0200,3050,1210
2015-03-29T08:00:00Z,2015-03-29T10:00:00+0200,2331,1106
2015-03-29T09:00:00Z,2015-03-29T11:00:00+0200,2087,1132
2015-03-29T10:00:00Z,2015-03-29T12:00:00+0200,1792,1268
2015-03-29T11:00:00Z,2015-03-29T13:00:00+0200,1890,1504
2015-03-29T12:00:00Z,2015-03-29T14:00:00+0200,3001,1902
2015-03-29T13:00:00Z,2015-03-29T15:00:00+0200,3316,2235
2015-03-29T14:00:00Z,2015-03-29T16:00:00+0200,3336,2674
2015-03-29T15:00:00Z,2015-03-29T17:00:00+0200,3339,2902
2015-03-29T16:00:00Z,2015-03-29T18:00:00+0200,3457,3136
2015-03-29T17:00:00Z,2015-03-29T19:00:00+0200,3508,3378
2015-03-29T18:00:00Z,2015-03-29T20:00:00+0200,3468,3400
2015-03-29T19:00:00Z,2015-03-29T21:00:00+0200,3380,3516
2015-03-29T20:00:00Z,2015-03-29T22:00:00+0200,3450,3468
2015-03-29T21:00:00Z,2015-03-29T23:00:00+0200,3428,3187
2015-03-29T22:00:00Z,2015-03-30T00:00:00+0200,3429,2938
2015-03-29T23:00:00Z,2015-03-30T01:00:00+0200,3461,3124
2015-03-30T00:00:00Z,2015-03-30T02:00:00+0200,3320,3722
2015-03-30T01:00:00Z,2015-03-30T03:00:00+0200,3470,3216
2015-03-30T02:00:00Z,2015-03-30T04:00:00+0200,3436,3302
2015-03-30T03:00:00Z,2015-03-30T05:00:00+0200,3444,2995
2015-03-30T04:00:00Z,2015-03-30T06:00:00+0200,3396,2815
2015-03-30T05:00:00Z,2015-03-30T07:00:00+0200,3432,2986
2015-03-30T06:00:00Z,2015-03-30T08:00:00+0200,3466,2828
2015-03-30T07:00:00Z,2015-03-30T09:00:00+0200,3366,2816
2015-03-30T08:00:00Z,2015-03-30T10:00:00+0200,3336,2794
2015-03-30T09:00:00Z,2015-03-30T11:00:00+0200,3392,3256
2015-03-30T10:00:00Z,2015-03-30T12:00:00+0200,3269,3367
2015-03-30T11:00:00Z,2015-03-30T13:00:00+0200,3140,3314
2015-03-30T12:00:00Z,2015-03-30T14:00:00+0200,2592,3221
2015-03-30T13:00:00Z,2015-03-30T15:00:00+0200,2412,3110
2015-03-30T14:00:00Z,2015-03-30T16:00:00+0200,2706,3049
2015-03-30T15:00:00Z,2015-03-30T17:00:00+0200,2388,2770
2015-03-30T16:00:00Z,2015-03-30T18:00:00+0200,2792,2902
2015-03-30T17:00:00Z,2015-03-30T19:00:00+0200,3148,2917
2015-03-30T18:00:00Z,2015-03-30T20:00:00+0200,3456,3262
2015-03-30T19:00:00Z,2015-03-30T21:00:00+0200,3554,3371
2015-03-30T20:00:00Z,2015-03-30T22:00:00+0200,3560,3410
2015-03-30T21:00:00Z,2015-03-30T23:00:00+0200,3518,3215
2015-03-30T22:00:00Z,2015-03-31T00:00:00+0200,3464,2994
2015-03-30T23:00:00Z,2015-03-31T01:00:00+0200,3520,3099
2015-03-31T00:00:00Z,2015-03-31T02:00:00+0200,3509,3173
2015-03-31T01:00:00Z,2015-03-31T03:00:00+0200,3186,3257
2015-03-31T02:00:00Z,2015-03-31T04:00:00+0200,2910,3244
2015-03-31T03:00:00Z,2015-03-31T05:00:00+0200,3034,3130
2015-03-31T04:00:00Z,2015-03-31T06:00:00+0200,3028,3100
2015-03-31T05:00:00Z,2015-03-31T07:00:00+0200,3092,3228
2015-03-31T06:00:00Z,2015-03-31T08:00:00+0200,3214,3376
2015-03-31T07:00:00Z,2015-03-31T09:00:00+0200,3444,3894
2015-03-31T08:00:00Z,2015-03-31T10:00:00+0200,3448,3948
2015-03-31T09:00:00Z,2015-03-31T11:00:00+0200,3490,3902
2015-03-31T10:00:00Z,2015-03-31T12:00:00+0200,3484,3994
2015-03-31T11:00:00Z,2015-03-31T13:00:00+0200,3491,3992
2015-03-31T12:00:00Z,2015-03-31T14:00:00+0200,3408,3968
2015-03-31T13:00:00Z,2015-03-31T15:00:00+0200,3382,3968
2015-03-31T14:00:00Z,2015-03-31T16:00:00+0200,3372,3969
2015-03-31T15:00:00Z,2015-03-31T17:00:00+0200,3426,3895
2015-03-31T16:00:00Z,2015-03-31T18:00:00+0200,3414,3853
2015-03-31T17:00:00Z,2015-03-31T19:00:00+0200,3449,3849
2015-03-31T18:00:00Z,2015-03-31T20:00:00+0200,3464,3788
2015-03-31T19:00:00Z,2015-03-31T21:00:00+0200,3449,3736
2015-03-31T20:00:00Z,2015-03-31T22:00:00+0200,3440,3588
2015-03-31T21:00:00Z,2015-03-31T23:00:00+0200,3472,3557
2015-03-31T22:00:00Z,2015-04-01T00:00:00+0200,3458,3420
2015-03-31T23:00:00Z,2015-04-01T01:00:00+0200,3414,3256
2015-04-01T00:00:00Z,2015-04-01T02:00:00+0200,3397,3190
2015-04-01T01:00:00Z,2015-04-01T03:00:00+0200,3395,3063
2015-04-01T02:00:00Z,2015-04-01T04:00:00+0200,3416,3274
2015-04-01T03:00:00Z,2015-04-01T05:00:00+0200,3424,3316
2015-04-01T04:00:00Z,2015-04-01T06:00:00+0200,3448,3270
2015-04-01T05:00:00Z,2015-04-01T07:00:00+0200,3368,3202
2015-04-01T06:00:00Z,2015-04-01T08:00:00+0200,3434,3087
2015-04-01T07:00:00Z,2015-04-01T09:00:00+0200,3436,3044
2015-04-01T08:00:00Z,2015-04-01T10:00:00+0200,3445,3188
2015-04-01T09:00:00Z,2015-04-01T11:00:00+0200,3396,3409
2015-04-01T10:00:00Z,2015-04-01T12:00:00+0200,3440,3486
2015-04-01T11:00:00Z,2015-04-01T13:00:00+0200,3444,3572
2015-04-01T12:00:00Z,2015-04-01T14:00:00+0200,3354,3572
2015-04-01T13:00:00Z,2015-04-01T15:00:00+0200,3357,3580
2015-04-01T14:00:00Z,2015-04-01T16:00:00+0200,3407,3473
2015-04-01T15:00:00Z,2015-04-01T17:00:00+0200,3402,3392
2015-04-01T16:00:00Z,2015-04-01T18:00:00+0200,3323,2984
2015-04-01T17:00:00Z,2015-04-01T19:00:00+0200,3032,2745
2015-04-01T18:00:00Z,2015-04-01T20:00:00+0200,2695,2458
2015-04-01T19:00:00Z,2015-04-01T21:00:00+0200,2478,2352
2015-04-01T20:00:00Z,2015-04-01T22:00:00+0200,2326,2208
2015-04-01T21:00:00Z,2015-04-01T23:00:00+0200,2257,2102
2015-04-01T22:00:00Z,2015-04-02T00:00:00+0200,2167,2282
2015-04-01T23:00:00Z,2015-04-02T01:00:00+0200,2029,1892
2015-04-02T00:00:00Z,2015-04-02T02:00:00+0200,1640,1814
2015-04-02T01:00:00Z,2015-04-02T03:00:00+0200,1448,1725
2015-04-02T02:00:00Z,2015-04-02T04:00:00+0200,1547,1704
2015-04-02T03:00:00Z,2015-04-02T05:00:00+0200,2069,1410
2015-04-02T04:00:00Z,2015-04-02T06:00:00+0200,2144,1298
2015-04-02T05:00:00Z,2015-04-02T07:00:00+0200,2134,1167
2015-04-02T06:00:00Z,2015-04-02T08:00:00+0200,1876,798
2015-04-02T07:00:00Z,2015-04-02T09:00:00+0200,1770,642
2015-04-02T08:00:00Z,2015-04-02T10:00:00+0200,1068,402
2015-04-02T09:00:00Z,2015-04-02T11:00:00+0200,686,269
2015-04-02T10:00:00Z,2015-04-02T12:00:00+0200,418,164
2015-04-02T11:00:00Z,2015-04-02T13:00:00+0200,328,141
2015-04-02T12:00:00Z,2015-04-02T14:00:00+0200,96,128
2015-04-02T13:00:00Z,2015-04-02T15:00:00+0200,70,136
2015-04-02T14:00:00Z,2015-04-02T16:00:00+0200,18,234
2015-04-02T15:00:00Z,2015-04-02T17:00:00+0200,16,316
2015-04-02T16:00:00Z,2015-04-02T18:00:00+0200,28,385
2015-04-02T17:00:00Z,2015-04-02T19:00:00+0200,28,511
2015-04-02T18:00:00Z,2015-04-02T20:00:00+0200,110,644
2015-04-02T19:00:00Z,2015-04-02T21:00:00+0200,276,874
2015-04-02T20:00:00Z,2015-04-02T22:00:00+0200,486,1078
2015-04-02T21:00:00Z,2015-04-02T23:00:00+0200,670,1275
2015-04-02T22:00:00Z,2015-04-03T00:00:00+0200,898,1321
2015-04-02T23:00:00Z,2015-04-03T01:00:00+0200,1000,1358
2015-04-03T00:00:00Z,2015-04-03T02:00:00+0200,1076,1308
2015-04-03T01:00:00Z,2015-04-03T03:00:00+0200,1109,1274
2015-04-03T02:00:00Z,2015-04-03T04:00:00+0200,1024,1118
2015-04-03T03:00:00Z,2015-04-03T05:00:00+0200,1026,1010
2015-04-03T04:00:00Z,2015-04-03T06:00:00+0200,986,934
2015-04-03T05:00:00Z,2015-04-03T07:00:00+0200,1078,898
2015-04-03T06:00:00Z,2015-04-03T08:00:00+0200,1125,856
2015-04-03T07:00:00Z,2015-04-03T09:00:00+0200,1198,804
2015-04-03T08:00:00Z,2015-04-03T10:00:00+0200,1232,466
2015-04-03T09:00:00Z,2015-04-03T11:00:00+0200,1046,459
2015-04-03T10:00:00Z,2015-04-03T12:00:00+0200,882,470
2015-04-03T11:00:00Z,2015-04-03T13:00:00+0200,760,573
2015-04-03T12:00:00Z,2015-04-03T14:00:00+0200,780,642
2015-04-03T13:00:00Z,2015-04-03T15:00:00+0200,1113,932
2015-04-03T14:00:00Z,2015-04-03T16:00:00+0200,1370,1084
2015-04-03T15:00:00Z,2015-04-03T17:00:00+0200,1402,1033
2015-04-03T16:00:00Z,2015-04-03T18:00:00+0200,1193,990
2015-04-03T17:00:00Z,2015-04-03T19:00:00+0200,1006,1024
2015-04-03T18:00:00Z,2015-04-03T20:00:00+0200,1064,950
2015-04-03T19:00:00Z,2015-04-03T21:00:00+0200,1106,1038
2015-04-03T20:00:00Z,2015-04-03T22:00:00+0200,960,1164
2015-04-03T21:00:00Z,2015-04-03T23:00:00+0200,999,1130
2015-04-03T22:00:00Z,2015-04-04T00:00:00+0200,933,1012
2015-04-03T23:00:00Z,2015-04-04T01:00:00+0200,1194,948
2015-04-04T00:00:00Z,2015-04-04T02:00:00+0200,1128,924
2015-04-04T01:00:00Z,2015-04-04T03:00:00+0200,970,884
2015-04-04T02:00:00Z,2015-04-04T04:00:00+0200,1170,904
2015-04-04T03:00:00Z,2015-04-04T05:00:00+0200,1165,786
2015-04-04T04:00:00Z,2015-04-04T06:00:00+0200,1195,606
2015-04-04T05:00:00Z,2015-04-04T07:00:00+0200,1170,496
2015-04-04T06:00:00Z,2015-04-04T08:00:00+0200,1044,418
2015-04-04T07:00:00Z,2015-04-04T09:00:00+0200,980,402
2015-04-04T08:00:00Z,2015-04-04T10:00:00+0200,874,578
2015-04-04T09:00:00Z,2015-04-04T11:00:00+0200,793,391
2015-04-04T10:00:00Z,2015-04-04T12:00:00+0200,721,510
2015-04-04T11:00:00Z,2015-04-04T13:00:00+0200,594,630
2015-04-04T12:00:00Z,2015-04-04T14:00:00+0200,366,769
2015-04-04T13:00:00Z,2015-04-04T15:00:00+0200,288,810
2015-04-04T14:00:00Z,2015-04-04T16:00:00+0200,288,708
2015-04-04T15:00:00Z,2015-04-04T17:00:00+0200,256,572
2015-04-04T16:00:00Z,2015-04-04T18:00:00+0200,304,560
2015-04-04T17:00:00Z,2015-04-04T19:00:00+0200,336,496
2015-04-04T18:00:00Z,2015-04-04T20:00:00+0200,340,450
2015-04-04T19:00:00Z,2015-04-04T21:00:00+0200,218,366
2015-04-04T20:00:00Z,2015-04-04T22:00:00+0200,207,346
2015-04-04T21:00:00Z,2015-04-04T23:00:00+0200,170,256
2015-04-04T22:00:00Z,2015-04-05T00:00:00+0200,98,196
2015-04-04T23:00:00Z,2015-04-05T01:00:00+0200,44,173
2015-04-05T00:00:00Z,2015-04-05T02:00:00+0200,34,148
2015-04-05T01:00:00Z,2015-04-05T03:00:00+0200,16,148
2015-04-05T02:00:00Z,2015-04-05T04:00:00+0200,4,159
2015-04-05T03:00:00Z,2015-04-05T05:00:00+0200,16,168
2015-04-05T04:00:00Z,2015-04-05T06:00:00+0200,18,186
2015-04-05T05:00:00Z,2015-04-05T07:00:00+0200,29,197
2015-04-05T06:00:00Z,2015-04-05T08:00:00+0200,10,175
2015-04-05T07:00:00Z,2015-04-05T09:00:00+0200,6,160
2015-04-05T08:00:00Z,2015-04-05T10:00:00+0200,1,164
2015-04-05T09:00:00Z,2015-04-05T11:00:00+0200,2,204
2015-04-05T10:00:00Z,2015-04-05T12:00:00+0200,10,230
2015-04-05T11:00:00Z,2015-04-05T13:00:00+0200,4,240
2015-04-05T12:00:00Z,2015-04-05T14:00:00+0200,4,248
2015-04-05T13:00:00Z,2015-04-05T15:00:00+0200,6,240
2015-04-05T14:00:00Z,2015-04-05T16:00:00+0200,6,214
2015-04-05T15:00:00Z,2015-04-05T17:00:00+0200,14,182
2015-04-05T16:00:00Z,2015-04-05T18:00:00+0200,6,146
2015-04-05T17:00:00Z,2015-04-05T19:00:00+0200,2,132
2015-04-05T18:00:00Z,2015-04-05T20:00:00+0200,0,176
2015-04-05T19:00:00Z,2015-04-05T21:00:00+0200,1,178
2015-04-05T20:00:00Z,2015-04-05T22:00:00+0200,6,179
2015-04-05T21:00:00Z,2015-04-05T23:00:00+0200,50,208
2015-04-05T22:00:00Z,2015-04-06T00:00:00+0200,108,239
2015-04-05T23:00:00Z,2015-04-06T01:00:00+0200,146,264
2015-04-06T00:00:00Z,2015-04-06T02:00:00+0200,118,276
2015-04-06T01:00:00Z,2015-04-06T03:00:00+0200,172,264
2015-04-06T02:00:00Z,2015-04-06T04:00:00+0200,234,214
2015-04-06T03:00:00Z,2015-04-06T05:00:00+0200,316,216
2015-04-06T04:00:00Z,2015-04-06T06:00:00+0200,299,266
2015-04-06T05:00:00Z,2015-04-06T07:00:00+0200,264,334
2015-04-06T06:00:00Z,2015-04-06T08:00:00+0200,254,335
2015-04-06T07:00:00Z,2015-04-06T09:00:00+0200,292,395
2015-04-06T08:00:00Z,2015-04-06T10:00:00+0200,314,418
2015-04-06T09:00:00Z,2015-04-06T11:00:00+0200,352,526
2015-04-06T10:00:00Z,2015-04-06T12:00:00+0200,432,691
2015-04-06T11:00:00Z,2015-04-06T13:00:00+0200,424,807
2015-04-06T12:00:00Z,2015-04-06T14:00:00+0200,333,932
2015-04-06T13:00:00Z,2015-04-06T15:00:00+0200,365,1106
2015-04-06T14:00:00Z,2015-04-06T16:00:00+0200,409,1214
2015-04-06T15:00:00Z,2015-04-06T17:00:00+0200,326,1184
2015-04-06T16:00:00Z,2015-04-06T18:00:00+0200,296,1060
2015-04-06T17:00:00Z,2015-04-06T19:00:00+0200,275,902
2015-04-06T18:00:00Z,2015-04-06T20:00:00+0200,180,852
2015-04-06T19:00:00Z,2015-04-06T21:00:00+0200,107,878
2015-04-06T20:00:00Z,2015-04-06T22:00:00+0200,74,838
2015-04-06T21:00:00Z,2015-04-06T23:00:00+0200,56,764
2015-04-06T22:00:00Z,2015-04-07T00:00:00+0200,28,757
2015-04-06T23:00:00Z,2015-04-07T01:00:00+0200,35,801
2015-04-07T00:00:00Z,2015-04-07T02:00:00+0200,33,880
2015-04-07T01:00:00Z,2015-04-07T03:00:00+0200,42,987
2015-04-07T02:00:00Z,2015-04-07T04:00:00+0200,80,1037
2015-04-07T03:00:00Z,2015-04-07T05:00:00+0200,106,997
2015-04-07T04:00:00Z,2015-04-07T06:00:00+0200,120,1048
2015-04-07T05:00:00Z,2015-04-07T07:00:00+0200,103,1051
2015-04-07T06:00:00Z,2015-04-07T08:00:00+0200,82,1114
2015-04-07T07:00:00Z,2015-04-07T09:00:00+0200,92,1166
2015-04-07T08:00:00Z,2015-04-07T10:00:00+0200,70,1218
2015-04-07T09:00:00Z,2015-04-07T11:00:00+0200,70,1254
2015-04-07T10:00:00Z,2015-04-07T12:00:00+0200,80,1360
2015-04-07T11:00:00Z,2015-04-07T13:00:00+0200,76,1291
2015-04-07T12:00:00Z,2015-04-07T14:00:00+0200,86,1240
2015-04-07T13:00:00Z,2015-04-07T15:00:00+0200,86,1205
2015-04-07T14:00:00Z,2015-04-07T16:00:00+0200,84,1241
2015-04-07T15:00:00Z,2015-04-07T17:00:00+0200,86,1126
2015-04-07T16:00:00Z,2015-04-07T18:00:00+0200,82,940
2015-04-07T17:00:00Z,2015-04-07T19:00:00+0200,54,714
2015-04-07T18:00:00Z,2015-04-07T20:00:00+0200,44,558
2015-04-07T19:00:00Z,2015-04-07T21:00:00+0200,51,494
2015-04-07T20:00:00Z,2015-04-07T22:00:00+0200,23,363
2015-04-07T21:00:00Z,2015-04-07T23:00:00+0200,5,270
2015-04-07T22:00:00Z,2015-04-08T00:00:00+0200,0,218
2015-04-07T23:00:00Z,2015-04-08T01:00:00+0200,0,180
2015-04-08T00:00:00Z,2015-04-08T02:00:00+0200,0,120
2015-04-08T01:00:00Z,2015-04-08T03:00:00+0200,1,116
2015-04-08T02:00:00Z,2015-04-08T04:00:00+0200,1,130
2015-04-08T03:00:00Z,2015-04-08T05:00:00+0200,4,204
2015-04-08T04:00:00Z,2015-04-08T06:00:00+0200,24,287
2015-04-08T05:00:00Z,2015-04-08T07:00:00+0200,43,336
2015-04-08T06:00:00Z,2015-04-08T08:00:00+0200,51,364
2015-04-08T07:00:00Z,2015-04-08T09:00:00+0200,42,408
2015-04-08T08:00:00Z,2015-04-08T10:00:00+0200,36,440
2015-04-08T09:00:00Z,2015-04-08T11:00:00+0200,36,500
2015-04-08T10:00:00Z,2015-04-08T12:00:00+0200,30,509
2015-04-08T11:00:00Z,2015-04-08T13:00:00+0200,54,520
2015-04-08T12:00:00Z,2015-04-08T14:00:00+0200,74,564
2015-04-08T13:00:00Z,2015-04-08T15:00:00+0200,108,626
2015-04-08T14:00:00Z,2015-04-08T16:00:00+0200,110,688
2015-04-08T15:00:00Z,2015-04-08T17:00:00+0200,116,608
2015-04-08T16:00:00Z,2015-04-08T18:00:00+0200,140,768
2015-04-08T17:00:00Z,2015-04-08T19:00:00+0200,173,618
2015-04-08T18:00:00Z,2015-04-08T20:00:00+0200,172,564
2015-04-08T19:00:00Z,2015-04-08T21:00:00+0200,184,566
2015-04-08T20:00:00Z,2015-04-08T22:00:00+0200,182,531
2015-04-08T21:00:00Z,2015-04-08T23:00:00+0200,160,513
2015-04-08T22:00:00Z,2015-04-09T00:00:00+0200,168,512
2015-04-08T23:00:00Z,2015-04-09T01:00:00+0200,174,526
2015-04-09T00:00:00Z,2015-04-09T02:00:00+0200,180,548
2015-04-09T01:00:00Z,2015-04-09T03:00:00+0200,178,575
2015-04-09T02:00:00Z,2015-04-09T04:00:00+0200,141,558
2015-04-09T03:00:00Z,2015-04-09T05:00:00+0200,56,506
2015-04-09T04:00:00Z,2015-04-09T06:00:00+0200,44,462
2015-04-09T05:00:00Z,2015-04-09T07:00:00+0200,49,472
2015-04-09T06:00:00Z,2015-04-09T08:00:00+0200,68,366
2015-04-09T07:00:00Z,2015-04-09T09:00:00+0200,50,392
2015-04-09T08:00:00Z,2015-04-09T10:00:00+0200,45,524
2015-04-09T09:00:00Z,2015-04-09T11:00:00+0200,39,726
2015-04-09T10:00:00Z,2015-04-09T12:00:00+0200,50,988
2015-04-09T11:00:00Z,2015-04-09T13:00:00+0200,66,1258
2015-04-09T12:00:00Z,2015-04-09T14:00:00+0200,68,1421
2015-04-09T13:00:00Z,2015-04-09T15:00:00+0200,82,1723
2015-04-09T14:00:00Z,2015-04-09T16:00:00+0200,90,1825
2015-04-09T15:00:00Z,2015-04-09T17:00:00+0200,112,1788
2015-04-09T16:00:00Z,2015-04-09T18:00:00+0200,129,1470
2015-04-09T17:00:00Z,2015-04-09T19:00:00+0200,124,1230
2015-04-09T18:00:00Z,2015-04-09T20:00:00+0200,120,1070
2015-04-09T19:00:00Z,2015-04-09T21:00:00+0200,166,1092
2015-04-09T20:00:00Z,2015-04-09T22:00:00+0200,153,1035
2015-04-09T21:00:00Z,2015-04-09T23:00:00+0200,230,999
2015-04-09T22:00:00Z,2015-04-10T00:00:00+0200,316,920
2015-04-09T23:00:00Z,2015-04-10T01:00:00+0200,291,849
2015-04-10T00:00:00Z,2015-04-10T02:00:00+0200,233,810
2015-04-10T01:00:00Z,2015-04-10T03:00:00+0200,188,738
2015-04-10T02:00:00Z,2015-04-10T04:00:00+0200,168,738
2015-04-10T03:00:00Z,2015-04-10T05:00:00+0200,145,771
2015-04-10T04:00:00Z,2015-04-10T06:00:00+0200,122,832
2015-04-10T05:00:00Z,2015-04-10T07:00:00+0200,206,1096
2015-04-10T06:00:00Z,2015-04-10T08:00:00+0200,360,1029
2015-04-10T07:00:00Z,2015-04-10T09:00:00+0200,478,1114
2015-04-10T08:00:00Z,2015-04-10T10:00:00+0200,727,1262
2015-04-10T09:00:00Z,2015-04-10T11:00:00+0200,788,1530
2015-04-10T10:00:00Z,2015-04-10T12:00:00+0200,1035,1968
2015-04-10T11:00:00Z,2015-04-10T13:00:00+0200,1257,2073
2015-04-10T12:00:00Z,2015-04-10T14:00:00+0200,1455,2252
2015-04-10T13:00:00Z,2015-04-10T15:00:00+0200,1584,2294
2015-04-10T14:00:00Z,2015-04-10T16:00:00+0200,1482,2332
2015-04-10T15:00:00Z,2015-04-10T17:00:00+0200,1242,2242
2015-04-10T16:00:00Z,2015-04-10T18:00:00+0200,1148,2294
2015-04-10T17:00:00Z,2015-04-10T19:00:00+0200,1505,2616
2015-04-10T18:00:00Z,2015-04-10T20:00:00+0200,2104,2744
2015-04-10T19:00:00Z,2015-04-10T21:00:00+0200,2358,2846
2015-04-10T20:00:00Z,2015-04-10T22:00:00+0200,2164,2854
2015-04-10T21:00:00Z,2015-04-10T23:00:00+0200,2181,2789
2015-04-10T22:00:00Z,2015-04-11T00:00:00+0200,2695,2884
2015-04-10T23:00:00Z,2015-04-11T01:00:00+0200,2749,2946
2015-04-11T00:00:00Z,2015-04-11T02:00:00+0200,2598,2886
2015-04-11T01:00:00Z,2015-04-11T03:00:00+0200,2440,2706
2015-04-11T02:00:00Z,2015-04-11T04:00:00+0200,2550,2669
2015-04-11T03:00:00Z,2015-04-11T05:00:00+0200,2835,2700
2015-04-11T04:00:00Z,2015-04-11T06:00:00+0200,2838,2616
2015-04-11T05:00:00Z,2015-04-11T07:00:00+0200,2707,2611
2015-04-11T06:00:00Z,2015-04-11T08:00:00+0200,3268,2692
2015-04-11T07:00:00Z,2015-04-11T09:00:00+0200,3354,3062
2015-04-11T08:00:00Z,2015-04-11T10:00:00+0200,3363,3480
2015-04-11T09:00:00Z,2015-04-11T11:00:00+0200,3333,3666
2015-04-11T10:00:00Z,2015-04-11T12:00:00+0200,3062,3694
2015-04-11T11:00:00Z,2015-04-11T13:00:00+0200,2770,3317
2015-04-11T12:00:00Z,2015-04-11T14:00:00+0200,2768,2630
2015-04-11T13:00:00Z,2015-04-11T15:00:00+0200,2537,2534
2015-04-11T14:00:00Z,2015-04-11T16:00:00+0200,2274,2660
2015-04-11T15:00:00Z,2015-04-11T17:00:00+0200,2014,3274
2015-04-11T16:00:00Z,2015-04-11T18:00:00+0200,2011,3306
2015-04-11T17:00:00Z,2015-04-11T19:00:00+0200,1992,2784
2015-04-11T18:00:00Z,2015-04-11T20:00:00+0200,1794,2755
2015-04-11T19:00:00Z,2015-04-11T21:00:00+0200,1610,2534
2015-04-11T20:00:00Z,2015-04-11T22:00:00+0200,1972,2622
2015-04-11T21:00:00Z,2015-04-11T23:00:00+0200,2005,2495
2015-04-11T22:00:00Z,2015-04-12T00:00:00+0200,2054,2576
2015-04-11T23:00:00Z,2015-04-12T01:00:00+0200,1985,2194
2015-04-12T00:00:00Z,2015-04-12T02:00:00+0200,2061,2060
2015-04-12T01:00:00Z,2015-04-12T03:00:00+0200,2058,2106
2015-04-12T02:00:00Z,2015-04-12T04:00:00+0200,1986,2328
2015-04-12T03:00:00Z,2015-04-12T05:00:00+0200,1886,2258
2015-04-12T04:00:00Z,2015-04-12T06:00:00+0200,1912,2412
2015-04-12T05:00:00Z,2015-04-12T07:00:00+0200,2186,2118
2015-04-12T06:00:00Z,2015-04-12T08:00:00+0200,2284,2186
2015-04-12T07:00:00Z,2015-04-12T09:00:00+0200,2436,1929
2015-04-12T08:00:00Z,2015-04-12T10:00:00+0200,2426,1742
2015-04-12T09:00:00Z,2015-04-12T11:00:00+0200,2263,1653
2015-04-12T10:00:00Z,2015-04-12T12:00:00+0200,3084,1955
2015-04-12T11:00:00Z,2015-04-12T13:00:00+0200,3251,2374
2015-04-12T12:00:00Z,2015-04-12T14:00:00+0200,2818,2688
2015-04-12T13:00:00Z,2015-04-12T15:00:00+0200,2610,2796
2015-04-12T14:00:00Z,2015-04-12T16:00:00+0200,2641,2912
2015-04-12T15:00:00Z,2015-04-12T17:00:00+0200,2822,2855
2015-04-12T16:00:00Z,2015-04-12T18:00:00+0200,2939,2430
2015-04-12T17:00:00Z,2015-04-12T19:00:00+0200,2586,1929
2015-04-12T18:00:00Z,2015-04-12T20:00:00+0200,2174,1494
2015-04-12T19:00:00Z,2015-04-12T21:00:00+0200,1853,1290
2015-04-12T20:00:00Z,2015-04-12T22:00:00+0200,1321,1126
2015-04-12T21:00:00Z,2015-04-12T23:00:00+0200,1078,1013
2015-04-12T22:00:00Z,2015-04-13T00:00:00+0200,892,900
2015-04-12T23:00:00Z,2015-04-13T01:00:00+0200,738,804
2015-04-13T00:00:00Z,2015-04-13T02:00:00+0200,764,710
2015-04-13T01:00:00Z,2015-04-13T03:00:00+0200,670,516
2015-04-13T02:00:00Z,2015-04-13T04:00:00+0200,660,472
2015-04-13T03:00:00Z,2015-04-13T05:00:00+0200,635,484
2015-04-13T04:00:00Z,2015-04-13T06:00:00+0200,473,418
2015-04-13T05:00:00Z,2015-04-13T07:00:00+0200,296,432
2015-04-13T06:00:00Z,2015-04-13T08:00:00+0200,252,572
2015-04-13T07:00:00Z,2015-04-13T09:00:00+0200,275,856
2015-04-13T08:00:00Z,2015-04-13T10:00:00+0200,285,1290
2015-04-13T09:00:00Z,2015-04-13T11:00:00+0200,443,1878
2015-04-13T10:00:00Z,2015-04-13T12:00:00+0200,484,2334
2015-04-13T11:00:00Z,2015-04-13T13:00:00+0200,536,2476
2015-04-13T12:00:00Z,2015-04-13T14:00:00+0200,735,2525
2015-04-13T13:00:00Z,2015-04-13T15:00:00+0200,1002,2550
2015-04-13T14:00:00Z,2015-04-13T16:00:00+0200,1466,2696
2015-04-13T15:00:00Z,2015-04-13T17:00:00+0200,1542,2656
2015-04-13T16:00:00Z,2015-04-13T18:00:00+0200,1664,2708
2015-04-13T17:00:00Z,2015-04-13T19:00:00+0200,1738,2855
2015-04-13T18:00:00Z,2015-04-13T20:00:00+0200,1864,2926
2015-04-13T19:00:00Z,2015-04-13T21:00:00+0200,1998,3072
2015-04-13T20:00:00Z,2015-04-13T22:00:00+0200,2184,3186
2015-04-13T21:00:00Z,2015-04-13T23:00:00+0200,2298,2928
2015-04-13T22:00:00Z,2015-04-14T00:00:00+0200,2222,2796
2015-04-13T23:00:00Z,2015-04-14T01:00:00+0200,2184,2522
2015-04-14T00:00:00Z,2015-04-14T02:00:00+0200,2132,2363
2015-04-14T01:00:00Z,2015-04-14T03:00:00+0200,2095,2500
2015-04-14T02:00:00Z,2015-04-14T04:00:00+0200,2144,2594
2015-04-14T03:00:00Z,2015-04-14T05:00:00+0200,2264,2552
2015-04-14T04:00:00Z,2015-04-14T06:00:00+0200,2331,2734
2015-04-14T05:00:00Z,2015-04-14T07:00:00+0200,2231,2820
2015-04-14T06:00:00Z,2015-04-14T08:00:00+0200,2146,3040
2015-04-14T07:00:00Z,2015-04-14T09:00:00+0200,2270,2998
2015-04-14T08:00:00Z,2015-04-14T10:00:00+0200,2420,2866
2015-04-14T09:00:00Z,2015-04-14T11:00:00+0200,2428,2865
2015-04-14T10:00:00Z,2015-04-14T12:00:00+0200,2306,2856
2015-04-14T11:00:00Z,2015-04-14T13:00:00+0200,2242,2827
2015-04-14T12:00:00Z,2015-04-14T14:00:00+0200,2254,2782
2015-04-14T13:00:00Z,2015-04-14T15:00:00+0200,2166,2728
2015-04-14T14:00:00Z,2015-04-14T16:00:00+0200,2085,2620
2015-04-14T15:00:00Z,2015-04-14T17:00:00+0200,1987,2402
2015-04-14T16:00:00Z,2015-04-14T18:00:00+0200,2119,2234
2015-04-14T17:00:00Z,2015-04-14T19:00:00+0200,2264,2115
2015-04-14T18:00:00Z,2015-04-14T20:00:00+0200,2441,2053
2015-04-14T19:00:00Z,2015-04-14T21:00:00+0200,2466,2348
2015-04-14T20:00:00Z,2015-04-14T22:00:00+0200,2392,2128
2015-04-14T21:00:00Z,2015-04-14T23:00:00+0200,2365,2148
2015-04-14T22:00:00Z,2015-04-15T00:00:00+0200,2404,2219
2015-04-14T23:00:00Z,2015-04-15T01:00:00+0200,2388,2220
2015-04-15T00:00:00Z,2015-04-15T02:00:00+0200,2314,2281
2015-04-15T01:00:00Z,2015-04-15T03:00:00+0200,2286,2391
2015-04-15T02:00:00Z,2015-04-15T04:00:00+0200,2096,2318
2015-04-15T03:00:00Z,2015-04-15T05:00:00+0200,1942,2207
2015-04-15T04:00:00Z,2015-04-15T06:00:00+0200,2010,1990
2015-04-15T05:00:00Z,2015-04-15T07:00:00+0200,1874,1952
2015-04-15T06:00:00Z,2015-04-15T08:00:00+0200,1726,2165
2015-04-15T07:00:00Z,2015-04-15T09:00:00+0200,1596,2179
2015-04-15T08:00:00Z,2015-04-15T10:00:00+0200,1437,2081
2015-04-15T09:00:00Z,2015-04-15T11:00:00+0200,876,1946
2015-04-15T10:00:00Z,2015-04-15T12:00:00+0200,652,1830
2015-04-15T11:00:00Z,2015-04-15T13:00:00+0200,618,1841
2015-04-15T12:00:00Z,2015-04-15T14:00:00+0200,626,1732
2015-04-15T13:00:00Z,2015-04-15T15:00:00+0200,577,1667
2015-04-15T14:00:00Z,2015-04-15T16:00:00+0200,746,1632
2015-04-15T15:00:00Z,2015-04-15T17:00:00+0200,959,1426
2015-04-15T16:00:00Z,2015-04-15T18:00:00+0200,1180,1123
2015-04-15T17:00:00Z,2015-04-15T19:00:00+0200,1668,748
2015-04-15T18:00:00Z,2015-04-15T20:00:00+0200,1398,578
2015-04-15T19:00:00Z,2015-04-15T21:00:00+0200,1035,522
2015-04-15T20:00:00Z,2015-04-15T22:00:00+0200,900,542
2015-04-15T21:00:00Z,2015-04-15T23:00:00+0200,768,502
2015-04-15T22:00:00Z,2015-04-16T00:00:00+0200,505,452
2015-04-15T23:00:00Z,2015-04-16T01:00:00+0200,434,387
2015-04-16T00:00:00Z,2015-04-16T02:00:00+0200,382,356
2015-04-16T01:00:00Z,2015-04-16T03:00:00+0200,347,318
2015-04-16T02:00:00Z,2015-04-16T04:00:00+0200,364,278
2015-04-16T03:00:00Z,2015-04-16T05:00:00+0200,370,271
2015-04-16T04:00:00Z,2015-04-16T06:00:00+0200,399,272
2015-04-16T05:00:00Z,2015-04-16T07:00:00+0200,470,232
2015-04-16T06:00:00Z,2015-04-16T08:00:00+0200,594,197
2015-04-16T07:00:00Z,2015-04-16T09:00:00+0200,622,216
2015-04-16T08:00:00Z,2015-04-16T10:00:00+0200,659,214
2015-04-16T09:00:00Z,2015-04-16T11:00:00+0200,664,220
2015-04-16T10:00:00Z,2015-04-16T12:00:00+0200,665,216
2015-04-16T11:00:00Z,2015-04-16T13:00:00+0200,738,242
2015-04-16T12:00:00Z,2015-04-16T14:00:00+0200,908,276
2015-04-16T13:00:00Z,2015-04-16T15:00:00+0200,1050,304
2015-04-16T14:00:00Z,2015-04-16T16:00:00+0200,1182,354
2015-04-16T15:00:00Z,2015-04-16T17:00:00+0200,1176,378
2015-04-16T16:00:00Z,2015-04-16T18:00:00+0200,1286,383
2015-04-16T17:00:00Z,2015-04-16T19:00:00+0200,1501,448
2015-04-16T18:00:00Z,2015-04-16T20:00:00+0200,1547,430
2015-04-16T19:00:00Z,2015-04-16T21:00:00+0200,1503,410
2015-04-16T20:00:00Z,2015-04-16T22:00:00+0200,1460,374
2015-04-16T21:00:00Z,2015-04-16T23:00:00+0200,1481,351
2015-04-16T22:00:00Z,2015-04-17T00:00:00+0200,1589,331
2015-04-16T23:00:00Z,2015-04-17T01:00:00+0200,1636,337
2015-04-17T00:00:00Z,2015-04-17T02:00:00+0200,1724,354
2015-04-17T01:00:00Z,2015-04-17T03:00:00+0200,1731,344
2015-04-17T02:00:00Z,2015-04-17T04:00:00+0200,1732,390
2015-04-17T03:00:00Z,2015-04-17T05:00:00+0200,1734,438
2015-04-17T04:00:00Z,2015-04-17T06:00:00+0200,1686,436
2015-04-17T05:00:00Z,2015-04-17T07:00:00+0200,1606,488
2015-04-17T06:00:00Z,2015-04-17T08:00:00+0200,1426,540
2015-04-17T07:00:00Z,2015-04-17T09:00:00+0200,1444,672
2015-04-17T08:00:00Z,2015-04-17T10:00:00+0200,1490,686
2015-04-17T09:00:00Z,2015-04-17T11:00:00+0200,1401,689
2015-04-17T10:00:00Z,2015-04-17T12:00:00+0200,1252,678
2015-04-17T11:00:00Z,2015-04-17T13:00:00+0200,1230,646
2015-04-17T12:00:00Z,2015-04-17T14:00:00+0200,1204,591
2015-04-17T13:00:00Z,2015-04-17T15:00:00+0200,1120,528
2015-04-17T14:00:00Z,2015-04-17T16:00:00+0200,1171,546
2015-04-17T15:00:00Z,2015-04-17T17:00:00+0200,1343,582
2015-04-17T16:00:00Z,2015-04-17T18:00:00+0200,2042,702
2015-04-17T17:00:00Z,2015-04-17T19:00:00+0200,2042,674
2015-04-17T18:00:00Z,2015-04-17T20:00:00+0200,2159,694
2015-04-17T19:00:00Z,2015-04-17T21:00:00+0200,2368,684
2015-04-17T20:00:00Z,2015-04-17T22:00:00+0200,2280,662
2015-04-17T21:00:00Z,2015-04-17T23:00:00+0200,2175,666
2015-04-17T22:00:00Z,2015-04-18T00:00:00+0200,2102,626
2015-04-17T23:00:00Z,2015-04-18T01:00:00+0200,1782,601
2015-04-18T00:00:00Z,2015-04-18T02:00:00+0200,1506,550
2015-04-18T01:00:00Z,2015-04-18T03:00:00+0200,1346,544
2015-04-18T02:00:00Z,2015-04-18T04:00:00+0200,1256,560
2015-04-18T03:00:00Z,2015-04-18T05:00:00+0200,1260,544
2015-04-18T04:00:00Z,2015-04-18T06:00:00+0200,1360,548
2015-04-18T05:00:00Z,2015-04-18T07:00:00+0200,1470,555
2015-04-18T06:00:00Z,2015-04-18T08:00:00+0200,1486,558
2015-04-18T07:00:00Z,2015-04-18T09:00:00+0200,1426,605
2015-04-18T08:00:00Z,2015-04-18T10:00:00+0200,1226,600
2015-04-18T09:00:00Z,2015-04-18T11:00:00+0200,1102,642
2015-04-18T10:00:00Z,2015-04-18T12:00:00+0200,1114,631
2015-04-18T11:00:00Z,2015-04-18T13:00:00+0200,1134,624
2015-04-18T12:00:00Z,2015-04-18T14:00:00+0200,1232,634
2015-04-18T13:00:00Z,2015-04-18T15:00:00+0200,1221,638
2015-04-18T14:00:00Z,2015-04-18T16:00:00+0200,1151,625
2015-04-18T15:00:00Z,2015-04-18T17:00:00+0200,1206,648
2015-04-18T16:00:00Z,2015-04-18T18:00:00+0200,1432,658
2015-04-18T17:00:00Z,2015-04-18T19:00:00+0200,1590,602
2015-04-18T18:00:00Z,2015-04-18T20:00:00+0200,2079,636
2015-04-18T19:00:00Z,2015-04-18T21:00:00+0200,2198,626
2015-04-18T20:00:00Z,2015-04-18T22:00:00+0200,2014,590
2015-04-18T21:00:00Z,2015-04-18T23:00:00+0200,1708,508
2015-04-18T22:00:00Z,2015-04-19T00:00:00+0200,1481,460
2015-04-18T23:00:00Z,2015-04-19T01:00:00+0200,1396,435
2015-04-19T00:00:00Z,2015-04-19T02:00:00+0200,1288,388
2015-04-19T01:00:00Z,2015-04-19T03:00:00+0200,1104,335
2015-04-19T02:00:00Z,2015-04-19T04:00:00+0200,956,334
2015-04-19T03:00:00Z,2015-04-19T05:00:00+0200,924,386
2015-04-19T04:00:00Z,2015-04-19T06:00:00+0200,964,458
2015-04-19T05:00:00Z,2015-04-19T07:00:00+0200,776,518
2015-04-19T06:00:00Z,2015-04-19T08:00:00+0200,700,536
2015-04-19T07:00:00Z,2015-04-19T09:00:00+0200,683,737
2015-04-19T08:00:00Z,2015-04-19T10:00:00+0200,922,966
2015-04-19T09:00:00Z,2015-04-19T11:00:00+0200,902,1158
2015-04-19T10:00:00Z,2015-04-19T12:00:00+0200,780,1156
2015-04-19T11:00:00Z,2015-04-19T13:00:00+0200,681,1174
2015-04-19T12:00:00Z,2015-04-19T14:00:00+0200,577,1212
2015-04-19T13:00:00Z,2015-04-19T15:00:00+0200,482,1204
2015-04-19T14:00:00Z,2015-04-19T16:00:00+0200,366,972
2015-04-19T15:00:00Z,2015-04-19T17:00:00+0200,528,830
2015-04-19T16:00:00Z,2015-04-19T18:00:00+0200,668,776
2015-04-19T17:00:00Z,2015-04-19T19:00:00+0200,866,696
2015-04-19T18:00:00Z,2015-04-19T20:00:00+0200,678,587
2015-04-19T19:00:00Z,2015-04-19T21:00:00+0200,732,632
2015-04-19T20:00:00Z,2015-04-19T22:00:00+0200,554,588
2015-04-19T21:00:00Z,2015-04-19T23:00:00+0200,538,738
2015-04-19T22:00:00Z,2015-04-20T00:00:00+0200,446,690
2015-04-19T23:00:00Z,2015-04-20T01:00:00+0200,350,652
2015-04-20T00:00:00Z,2015-04-20T02:00:00+0200,434,516
2015-04-20T01:00:00Z,2015-04-20T03:00:00+0200,468,479
2015-04-20T02:00:00Z,2015-04-20T04:00:00+0200,490,491
2015-04-20T03:00:00Z,2015-04-20T05:00:00+0200,405,434
2015-04-20T04:00:00Z,2015-04-20T06:00:00+0200,377,348
2015-04-20T05:00:00Z,2015-04-20T07:00:00+0200,464,271
2015-04-20T06:00:00Z,2015-04-20T08:00:00+0200,500,212
2015-04-20T07:00:00Z,2015-04-20T09:00:00+0200,480,215
2015-04-20T08:00:00Z,2015-04-20T10:00:00+0200,434,246
2015-04-20T09:00:00Z,2015-04-20T11:00:00+0200,408,248
2015-04-20T10:00:00Z,2015-04-20T12:00:00+0200,379,260
2015-04-20T11:00:00Z,2015-04-20T13:00:00+0200,382,283
2015-04-20T12:00:00Z,2015-04-20T14:00:00+0200,468,295
2015-04-20T13:00:00Z,2015-04-20T15:00:00+0200,566,334
2015-04-20T14:00:00Z,2015-04-20T16:00:00+0200,682,344
2015-04-20T15:00:00Z,2015-04-20T17:00:00+0200,633,370
2015-04-20T16:00:00Z,2015-04-20T18:00:00+0200,596,373
2015-04-20T17:00:00Z,2015-04-20T19:00:00+0200,650,343
2015-04-20T18:00:00Z,2015-04-20T20:00:00+0200,664,281
2015-04-20T19:00:00Z,2015-04-20T21:00:00+0200,764,246
2015-04-20T20:00:00Z,2015-04-20T22:00:00+0200,880,332
2015-04-20T21:00:00Z,2015-04-20T23:00:00+0200,854,271
2015-04-20T22:00:00Z,2015-04-21T00:00:00+0200,730,337
2015-04-20T23:00:00Z,2015-04-21T01:00:00+0200,548,436
2015-04-21T00:00:00Z,2015-04-21T02:00:00+0200,456,487
2015-04-21T01:00:00Z,2015-04-21T03:00:00+0200,363,524
2015-04-21T02:00:00Z,2015-04-21T04:00:00+0200,379,538
2015-04-21T03:00:00Z,2015-04-21T05:00:00+0200,380,547
2015-04-21T04:00:00Z,2015-04-21T06:00:00+0200,361,522
2015-04-21T05:00:00Z,2015-04-21T07:00:00+0200,354,520
2015-04-21T06:00:00Z,2015-04-21T08:00:00+0200,356,558
2015-04-21T07:00:00Z,2015-04-21T09:00:00+0200,502,553
2015-04-21T08:00:00Z,2015-04-21T10:00:00+0200,694,484
2015-04-21T09:00:00Z,2015-04-21T11:00:00+0200,708,471
2015-04-21T10:00:00Z,2015-04-21T12:00:00+0200,835,443
2015-04-21T11:00:00Z,2015-04-21T13:00:00+0200,650,418
2015-04-21T12:00:00Z,2015-04-21T14:00:00+0200,577,415
2015-04-21T13:00:00Z,2015-04-21T15:00:00+0200,529,439
2015-04-21T14:00:00Z,2015-04-21T16:00:00+0200,624,470
2015-04-21T15:00:00Z,2015-04-21T17:00:00+0200,746,521
2015-04-21T16:00:00Z,2015-04-21T18:00:00+0200,946,585
2015-04-21T17:00:00Z,2015-04-21T19:00:00+0200,964,545
2015-04-21T18:00:00Z,2015-04-21T20:00:00+0200,993,537
2015-04-21T19:00:00Z,2015-04-21T21:00:00+0200,946,509
2015-04-21T20:00:00Z,2015-04-21T22:00:00+0200,923,588
2015-04-21T21:00:00Z,2015-04-21T23:00:00+0200,772,411
2015-04-21T22:00:00Z,2015-04-22T00:00:00+0200,674,370
2015-04-21T23:00:00Z,2015-04-22T01:00:00+0200,682,420
2015-04-22T00:00:00Z,2015-04-22T02:00:00+0200,654,395
2015-04-22T01:00:00Z,2015-04-22T03:00:00+0200,538,339
2015-04-22T02:00:00Z,2015-04-22T04:00:00+0200,538,328
2015-04-22T03:00:00Z,2015-04-22T05:00:00+0200,528,331
2015-04-22T04:00:00Z,2015-04-22T06:00:00+0200,420,315
2015-04-22T05:00:00Z,2015-04-22T07:00:00+0200,335,295
2015-04-22T06:00:00Z,2015-04-22T08:00:00+0200,403,257
2015-04-22T07:00:00Z,2015-04-22T09:00:00+0200,637,284
2015-04-22T08:00:00Z,2015-04-22T10:00:00+0200,580,299
2015-04-22T09:00:00Z,2015-04-22T11:00:00+0200,407,340
2015-04-22T10:00:00Z,2015-04-22T12:00:00+0200,356,384
2015-04-22T11:00:00Z,2015-04-22T13:00:00+0200,396,406
2015-04-22T12:00:00Z,2015-04-22T14:00:00+0200,324,424
2015-04-22T13:00:00Z,2015-04-22T15:00:00+0200,444,442
2015-04-22T14:00:00Z,2015-04-22T16:00:00+0200,444,454
2015-04-22T15:00:00Z,2015-04-22T17:00:00+0200,450,508
2015-04-22T16:00:00Z,2015-04-22T18:00:00+0200,476,486
2015-04-22T17:00:00Z,2015-04-22T19:00:00+0200,475,434
2015-04-22T18:00:00Z,2015-04-22T20:00:00+0200,487,388
2015-04-22T19:00:00Z,2015-04-22T21:00:00+0200,486,339
2015-04-22T20:00:00Z,2015-04-22T22:00:00+0200,430,308
2015-04-22T21:00:00Z,2015-04-22T23:00:00+0200,352,270
2015-04-22T22:00:00Z,2015-04-23T00:00:00+0200,262,236
2015-04-22T23:00:00Z,2015-04-23T01:00:00+0200,176,248
2015-04-23T00:00:00Z,2015-04-23T02:00:00+0200,134,225
2015-04-23T01:00:00Z,2015-04-23T03:00:00+0200,96,267
2015-04-23T02:00:00Z,2015-04-23T04:00:00+0200,100,275
2015-04-23T03:00:00Z,2015-04-23T05:00:00+0200,73,262
2015-04-23T04:00:00Z,2015-04-23T06:00:00+0200,68,277
2015-04-23T05:00:00Z,2015-04-23T07:00:00+0200,64,249
2015-04-23T06:00:00Z,2015-04-23T08:00:00+0200,47,260
2015-04-23T07:00:00Z,2015-04-23T09:00:00+0200,36,311
2015-04-23T08:00:00Z,2015-04-23T10:00:00+0200,24,383
2015-04-23T09:00:00Z,2015-04-23T11:00:00+0200,24,415
2015-04-23T10:00:00Z,2015-04-23T12:00:00+0200,30,434
2015-04-23T11:00:00Z,2015-04-23T13:00:00+0200,40,445
2015-04-23T12:00:00Z,2015-04-23T14:00:00+0200,47,450
2015-04-23T13:00:00Z,2015-04-23T15:00:00+0200,102,515
2015-04-23T14:00:00Z,2015-04-23T16:00:00+0200,163,551
2015-04-23T15:00:00Z,2015-04-23T17:00:00+0200,181,510
2015-04-23T16:00:00Z,2015-04-23T18:00:00+0200,155,405
2015-04-23T17:00:00Z,2015-04-23T19:00:00+0200,150,305
2015-04-23T18:00:00Z,2015-04-23T20:00:00+0200,131,242
2015-04-23T19:00:00Z,2015-04-23T21:00:00+0200,91,258
2015-04-23T20:00:00Z,2015-04-23T22:00:00+0200,96,261
2015-04-23T21:00:00Z,2015-04-23T23:00:00+0200,116,294
2015-04-23T22:00:00Z,2015-04-24T00:00:00+0200,161,313
2015-04-23T23:00:00Z,2015-04-24T01:00:00+0200,188,307
2015-04-24T00:00:00Z,2015-04-24T02:00:00+0200,202,277
2015-04-24T01:00:00Z,2015-04-24T03:00:00+0200,191,235
2015-04-24T02:00:00Z,2015-04-24T04:00:00+0200,206,228
2015-04-24T03:00:00Z,2015-04-24T05:00:00+0200,206,254
2015-04-24T04:00:00Z,2015-04-24T06:00:00+0200,199,245
2015-04-24T05:00:00Z,2015-04-24T07:00:00+0200,261,275
2015-04-24T06:00:00Z,2015-04-24T08:00:00+0200,481,345
2015-04-24T07:00:00Z,2015-04-24T09:00:00+0200,478,417
2015-04-24T08:00:00Z,2015-04-24T10:00:00+0200,440,546
2015-04-24T09:00:00Z,2015-04-24T11:00:00+0200,400,635
2015-04-24T10:00:00Z,2015-04-24T12:00:00+0200,368,714
2015-04-24T11:00:00Z,2015-04-24T13:00:00+0200,446,894
2015-04-24T12:00:00Z,2015-04-24T14:00:00+0200,488,1036
2015-04-24T13:00:00Z,2015-04-24T15:00:00+0200,592,1056
2015-04-24T14:00:00Z,2015-04-24T16:00:00+0200,878,1161
2015-04-24T15:00:00Z,2015-04-24T17:00:00+0200,1246,1226
2015-04-24T16:00:00Z,2015-04-24T18:00:00+0200,1428,1193
2015-04-24T17:00:00Z,2015-04-24T19:00:00+0200,2034,1147
2015-04-24T18:00:00Z,2015-04-24T20:00:00+0200,2158,1065
2015-04-24T19:00:00Z,2015-04-24T21:00:00+0200,2080,1093
2015-04-24T20:00:00Z,2015-04-24T22:00:00+0200,2562,1239
2015-04-24T21:00:00Z,2015-04-24T23:00:00+0200,2717,1387
2015-04-24T22:00:00Z,2015-04-25T00:00:00+0200,2698,1357
2015-04-24T23:00:00Z,2015-04-25T01:00:00+0200,2854,1374
2015-04-25T00:00:00Z,2015-04-25T02:00:00+0200,2758,1179
2015-04-25T01:00:00Z,2015-04-25T03:00:00+0200,2532,1191
2015-04-25T02:00:00Z,2015-04-25T04:00:00+0200,2336,1358
2015-04-25T03:00:00Z,2015-04-25T05:00:00+0200,2186,1300
2015-04-25T04:00:00Z,2015-04-25T06:00:00+0200,1868,1199
2015-04-25T05:00:00Z,2015-04-25T07:00:00+0200,1842,1162
2015-04-25T06:00:00Z,2015-04-25T08:00:00+0200,2138,1271
2015-04-25T07:00:00Z,2015-04-25T09:00:00+0200,2031,1509
2015-04-25T08:00:00Z,2015-04-25T10:00:00+0200,1506,1933
2015-04-25T09:00:00Z,2015-04-25T11:00:00+0200,1644,1998
2015-04-25T10:00:00Z,2015-04-25T12:00:00+0200,2024,2279
2015-04-25T11:00:00Z,2015-04-25T13:00:00+0200,2120,2369
2015-04-25T12:00:00Z,2015-04-25T14:00:00+0200,1797,2340
2015-04-25T13:00:00Z,2015-04-25T15:00:00+0200,1272,2234
2015-04-25T14:00:00Z,2015-04-25T16:00:00+0200,1158,2339
2015-04-25T15:00:00Z,2015-04-25T17:00:00+0200,1244,2278
2015-04-25T16:00:00Z,2015-04-25T18:00:00+0200,1374,2208
2015-04-25T17:00:00Z,2015-04-25T19:00:00+0200,1408,2082
2015-04-25T18:00:00Z,2015-04-25T20:00:00+0200,1675,1970
2015-04-25T19:00:00Z,2015-04-25T21:00:00+0200,1448,1775
2015-04-25T20:00:00Z,2015-04-25T22:00:00+0200,1270,1589
2015-04-25T21:00:00Z,2015-04-25T23:00:00+0200,1388,1589
2015-04-25T22:00:00Z,2015-04-26T00:00:00+0200,1232,1356
2015-04-25T23:00:00Z,2015-04-26T01:00:00+0200,850,1247
2015-04-26T00:00:00Z,2015-04-26T02:00:00+0200,748,1073
2015-04-26T01:00:00Z,2015-04-26T03:00:00+0200,710,1033
2015-04-26T02:00:00Z,2015-04-26T04:00:00+0200,718,961
2015-04-26T03:00:00Z,2015-04-26T05:00:00+0200,790,882
2015-04-26T04:00:00Z,2015-04-26T06:00:00+0200,912,824
2015-04-26T05:00:00Z,2015-04-26T07:00:00+0200,1168,695
2015-04-26T06:00:00Z,2015-04-26T08:00:00+0200,1035,555
2015-04-26T07:00:00Z,2015-04-26T09:00:00+0200,748,528
2015-04-26T08:00:00Z,2015-04-26T10:00:00+0200,660,670
2015-04-26T09:00:00Z,2015-04-26T11:00:00+0200,612,722
2015-04-26T10:00:00Z,2015-04-26T12:00:00+0200,628,877
2015-04-26T11:00:00Z,2015-04-26T13:00:00+0200,560,1087
2015-04-26T12:00:00Z,2015-04-26T14:00:00+0200,576,1411
2015-04-26T13:00:00Z,2015-04-26T15:00:00+0200,805,1703
2015-04-26T14:00:00Z,2015-04-26T16:00:00+0200,842,2018
2015-04-26T15:00:00Z,2015-04-26T17:00:00+0200,941,2247
2015-04-26T16:00:00Z,2015-04-26T18:00:00+0200,1038,2440
2015-04-26T17:00:00Z,2015-04-26T19:00:00+0200,1126,2246
2015-04-26T18:00:00Z,2015-04-26T20:00:00+0200,1068,2140
2015-04-26T19:00:00Z,2015-04-26T21:00:00+0200,997,1622
2015-04-26T20:00:00Z,2015-04-26T22:00:00+0200,792,1291
2015-04-26T21:00:00Z,2015-04-26T23:00:00+0200,735,1211
2015-04-26T22:00:00Z,2015-04-27T00:00:00+0200,682,1290
2015-04-26T23:00:00Z,2015-04-27T01:00:00+0200,658,1331
2015-04-27T00:00:00Z,2015-04-27T02:00:00+0200,751,1199
2015-04-27T01:00:00Z,2015-04-27T03:00:00+0200,670,1268
2015-04-27T02:00:00Z,2015-04-27T04:00:00+0200,685,1362
2015-04-27T03:00:00Z,2015-04-27T05:00:00+0200,716,1228
2015-04-27T04:00:00Z,2015-04-27T06:00:00+0200,644,1199
2015-04-27T05:00:00Z,2015-04-27T07:00:00+0200,651,1045
2015-04-27T06:00:00Z,2015-04-27T08:00:00+0200,780,863
2015-04-27T07:00:00Z,2015-04-27T09:00:00+0200,642,799
2015-04-27T08:00:00Z,2015-04-27T10:00:00+0200,599,928
2015-04-27T09:00:00Z,2015-04-27T11:00:00+0200,532,1234
2015-04-27T10:00:00Z,2015-04-27T12:00:00+0200,548,1602
2015-04-27T11:00:00Z,2015-04-27T13:00:00+0200,514,1919
2015-04-27T12:00:00Z,2015-04-27T14:00:00+0200,466,2233
2015-04-27T13:00:00Z,2015-04-27T15:00:00+0200,510,2416
2015-04-27T14:00:00Z,2015-04-27T16:00:00+0200,792,2284
2015-04-27T15:00:00Z,2015-04-27T17:00:00+0200,972,1986
2015-04-27T16:00:00Z,2015-04-27T18:00:00+0200,1206,1833
2015-04-27T17:00:00Z,2015-04-27T19:00:00+0200,1248,1903
2015-04-27T18:00:00Z,2015-04-27T20:00:00+0200,1121,1790
2015-04-27T19:00:00Z,2015-04-27T21:00:00+0200,1538,1942
2015-04-27T20:00:00Z,2015-04-27T22:00:00+0200,1881,2091
2015-04-27T21:00:00Z,2015-04-27T23:00:00+0200,1993,2096
2015-04-27T22:00:00Z,2015-04-28T00:00:00+0200,2052,1993
2015-04-27T23:00:00Z,2015-04-28T01:00:00+0200,2044,1961
2015-04-28T00:00:00Z,2015-04-28T02:00:00+0200,2111,1924
2015-04-28T01:00:00Z,2015-04-28T03:00:00+0200,2461,2075
2015-04-28T02:00:00Z,2015-04-28T04:00:00+0200,2690,2260
2015-04-28T03:00:00Z,2015-04-28T05:00:00+0200,2722,2296
2015-04-28T04:00:00Z,2015-04-28T06:00:00+0200,2780,2290
2015-04-28T05:00:00Z,2015-04-28T07:00:00+0200,2770,2104
2015-04-28T06:00:00Z,2015-04-28T08:00:00+0200,3020,1851
2015-04-28T07:00:00Z,2015-04-28T09:00:00+0200,2868,1847
2015-04-28T08:00:00Z,2015-04-28T10:00:00+0200,2625,2736
2015-04-28T09:00:00Z,2015-04-28T11:00:00+0200,2522,2553
2015-04-28T10:00:00Z,2015-04-28T12:00:00+0200,2389,2621
2015-04-28T11:00:00Z,2015-04-28T13:00:00+0200,2309,2596
2015-04-28T12:00:00Z,2015-04-28T14:00:00+0200,2314,2744
2015-04-28T13:00:00Z,2015-04-28T15:00:00+0200,2280,2693
2015-04-28T14:00:00Z,2015-04-28T16:00:00+0200,2260,2671
2015-04-28T15:00:00Z,2015-04-28T17:00:00+0200,2431,2599
2015-04-28T16:00:00Z,2015-04-28T18:00:00+0200,2164,2430
2015-04-28T17:00:00Z,2015-04-28T19:00:00+0200,2022,2143
2015-04-28T18:00:00Z,2015-04-28T20:00:00+0200,2028,1707
2015-04-28T19:00:00Z,2015-04-28T21:00:00+0200,2213,1553
2015-04-28T20:00:00Z,2015-04-28T22:00:00+0200,2344,1838
2015-04-28T21:00:00Z,2015-04-28T23:00:00+0200,2632,2171
2015-04-28T22:00:00Z,2015-04-29T00:00:00+0200,2636,2190
2015-04-28T23:00:00Z,2015-04-29T01:00:00+0200,2536,2355
2015-04-29T00:00:00Z,2015-04-29T02:00:00+0200,2340,2692
2015-04-29T01:00:00Z,2015-04-29T03:00:00+0200,2317,2239
2015-04-29T02:00:00Z,2015-04-29T04:00:00+0200,2064,1979
2015-04-29T03:00:00Z,2015-04-29T05:00:00+0200,2102,2008
2015-04-29T04:00:00Z,2015-04-29T06:00:00+0200,2361,1901
2015-04-29T05:00:00Z,2015-04-29T07:00:00+0200,2564,1992
2015-04-29T06:00:00Z,2015-04-29T08:00:00+0200,2576,2022
2015-04-29T07:00:00Z,2015-04-29T09:00:00+0200,2663,2210
2015-04-29T08:00:00Z,2015-04-29T10:00:00+0200,2860,2435
2015-04-29T09:00:00Z,2015-04-29T11:00:00+0200,2818,2563
2015-04-29T10:00:00Z,2015-04-29T12:00:00+0200,2705,2530
2015-04-29T11:00:00Z,2015-04-29T13:00:00+0200,2739,2559
2015-04-29T12:00:00Z,2015-04-29T14:00:00+0200,2823,2633
2015-04-29T13:00:00Z,2015-04-29T15:00:00+0200,2820,2510
2015-04-29T14:00:00Z,2015-04-29T16:00:00+0200,2859,2268
2015-04-29T15:00:00Z,2015-04-29T17:00:00+0200,2637,2258
2015-04-29T16:00:00Z,2015-04-29T18:00:00+0200,2224,2077
2015-04-29T17:00:00Z,2015-04-29T19:00:00+0200,1946,1931
2015-04-29T18:00:00Z,2015-04-29T20:00:00+0200,2006,1804
2015-04-29T19:00:00Z,2015-04-29T21:00:00+0200,1850,1644
2015-04-29T20:00:00Z,2015-04-29T22:00:00+0200,2381,1548
2015-04-29T21:00:00Z,2015-04-29T23:00:00+0200,2324,1497
2015-04-29T22:00:00Z,2015-04-30T00:00:00+0200,2328,1576
2015-04-29T23:00:00Z,2015-04-30T01:00:00+0200,2268,1565
2015-04-30T00:00:00Z,2015-04-30T02:00:00+0200,2102,2594
2015-04-30T01:00:00Z,2015-04-30T03:00:00+0200,2092,2718
2015-04-30T02:00:00Z,2015-04-30T04:00:00+0200,2008,2772
2015-04-30T03:00:00Z,2015-04-30T05:00:00+0200,1966,2786
2015-04-30T04:00:00Z,2015-04-30T06:00:00+0200,2036,2779
2015-04-30T05:00:00Z,2015-04-30T07:00:00+0200,2080,2917
2015-04-30T06:00:00Z,2015-04-30T08:00:00+0200,2094,2983
2015-04-30T07:00:00Z,2015-04-30T09:00:00+0200,2064,2984
2015-04-30T08:00:00Z,2015-04-30T10:00:00+0200,2098,3302
2015-04-30T09:00:00Z,2015-04-30T11:00:00+0200,1840,3120
2015-04-30T10:00:00Z,2015-04-30T12:00:00+0200,1508,2864
2015-04-30T11:00:00Z,2015-04-30T13:00:00+0200,1150,2552
2015-04-30T12:00:00Z,2015-04-30T14:00:00+0200,952,2238
2015-04-30T13:00:00Z,2015-04-30T15:00:00+0200,640,2118
2015-04-30T14:00:00Z,2015-04-30T16:00:00+0200,550,2108
2015-04-30T15:00:00Z,2015-04-30T17:00:00+0200,647,1990
2015-04-30T16:00:00Z,2015-04-30T18:00:00+0200,807,1812
2015-04-30T17:00:00Z,2015-04-30T19:00:00+0200,1188,1658
2015-04-30T18:00:00Z,2015-04-30T20:00:00+0200,1065,1514
2015-04-30T19:00:00Z,2015-04-30T21:00:00+0200,1020,1170
2015-04-30T20:00:00Z,2015-04-30T22:00:00+0200,1077,994
2015-04-30T21:00:00Z,2015-04-30T23:00:00+0200,838,1095
2015-04-30T22:00:00Z,2015-05-01T00:00:00+0200,746,1010
2015-04-30T23:00:00Z,2015-05-01T01:00:00+0200,650,1071
2015-05-01T00:00:00Z,2015-05-01T02:00:00+0200,542,1060
2015-05-01T01:00:00Z,2015-05-01T03:00:00+0200,656,1167
2015-05-01T02:00:00Z,2015-05-01T04:00:00+0200,634,1067
2015-05-01T03:00:00Z,2015-05-01T05:00:00+0200,758,1018
2015-05-01T04:00:00Z,2015-05-01T06:00:00+0200,891,1030
2015-05-01T05:00:00Z,2015-05-01T07:00:00+0200,952,1040
2015-05-01T06:00:00Z,2015-05-01T08:00:00+0200,890,925
2015-05-01T07:00:00Z,2015-05-01T09:00:00+0200,950,933
2015-05-01T08:00:00Z,2015-05-01T10:00:00+0200,760,990
2015-05-01T09:00:00Z,2015-05-01T11:00:00+0200,630,1070
2015-05-01T10:00:00Z,2015-05-01T12:00:00+0200,588,1102
2015-05-01T11:00:00Z,2015-05-01T13:00:00+0200,560,1156
2015-05-01T12:00:00Z,2015-05-01T14:00:00+0200,593,1193
2015-05-01T13:00:00Z,2015-05-01T15:00:00+0200,602,1125
2015-05-01T14:00:00Z,2015-05-01T16:00:00+0200,591,1114
2015-05-01T15:00:00Z,2015-05-01T17:00:00+0200,581,1123
2015-05-01T16:00:00Z,2015-05-01T18:00:00+0200,604,1049
2015-05-01T17:00:00Z,2015-05-01T19:00:00+0200,648,1106
2015-05-01T18:00:00Z,2015-05-01T20:00:00+0200,719,1072
2015-05-01T19:00:00Z,2015-05-01T21:00:00+0200,987,1288
2015-05-01T20:00:00Z,2015-05-01T22:00:00+0200,1252,1462
2015-05-01T21:00:00Z,2015-05-01T23:00:00+0200,1062,1469
2015-05-01T22:00:00Z,2015-05-02T00:00:00+0200,904,1470
2015-05-01T23:00:00Z,2015-05-02T01:00:00+0200,936,1606
2015-05-02T00:00:00Z,2015-05-02T02:00:00+0200,806,1622
2015-05-02T01:00:00Z,2015-05-02T03:00:00+0200,714,1599
2015-05-02T02:00:00Z,2015-05-02T04:00:00+0200,662,1588
2015-05-02T03:00:00Z,2015-05-02T05:00:00+0200,588,1731
2015-05-02T04:00:00Z,2015-05-02T06:00:00+0200,618,1892
2015-05-02T05:00:00Z,2015-05-02T07:00:00+0200,739,1970
2015-05-02T06:00:00Z,2015-05-02T08:00:00+0200,844,2209
2015-05-02T07:00:00Z,2015-05-02T09:00:00+0200,974,2690
2015-05-02T08:00:00Z,2015-05-02T10:00:00+0200,1106,3370
2015-05-02T09:00:00Z,2015-05-02T11:00:00+0200,1236,3735
2015-05-02T10:00:00Z,2015-05-02T12:00:00+0200,1390,4028
2015-05-02T11:00:00Z,2015-05-02T13:00:00+0200,1606,4209
2015-05-02T12:00:00Z,2015-05-02T14:00:00+0200,1834,4621
2015-05-02T13:00:00Z,2015-05-02T15:00:00+0200,1990,4943
2015-05-02T14:00:00Z,2015-05-02T16:00:00+0200,2085,5116
2015-05-02T15:00:00Z,2015-05-02T17:00:00+0200,2254,5243
2015-05-02T16:00:00Z,2015-05-02T18:00:00+0200,2451,5267
2015-05-02T17:00:00Z,2015-05-02T19:00:00+0200,2557,5382
2015-05-02T18:00:00Z,2015-05-02T20:00:00+0200,2749,5235
2015-05-02T19:00:00Z,2015-05-02T21:00:00+0200,2909,5267
2015-05-02T20:00:00Z,2015-05-02T22:00:00+0200,3048,5189
2015-05-02T21:00:00Z,2015-05-02T23:00:00+0200,2838,5356
2015-05-02T22:00:00Z,2015-05-03T00:00:00+0200,2658,5156
2015-05-02T23:00:00Z,2015-05-03T01:00:00+0200,2656,4997
2015-05-03T00:00:00Z,2015-05-03T02:00:00+0200,2564,4687
2015-05-03T01:00:00Z,2015-05-03T03:00:00+0200,2512,4779
2015-05-03T02:00:00Z,2015-05-03T04:00:00+0200,2582,4996
2015-05-03T03:00:00Z,2015-05-03T05:00:00+0200,2630,5108
2015-05-03T04:00:00Z,2015-05-03T06:00:00+0200,2736,5242
2015-05-03T05:00:00Z,2015-05-03T07:00:00+0200,2937,4969
2015-05-03T06:00:00Z,2015-05-03T08:00:00+0200,3115,5187
2015-05-03T07:00:00Z,2015-05-03T09:00:00+0200,3084,5174
2015-05-03T08:00:00Z,2015-05-03T10:00:00+0200,2973,4857
2015-05-03T09:00:00Z,2015-05-03T11:00:00+0200,2652,4950
2015-05-03T10:00:00Z,2015-05-03T12:00:00+0200,2536,4894
2015-05-03T11:00:00Z,2015-05-03T13:00:00+0200,2434,4725
2015-05-03T12:00:00Z,2015-05-03T14:00:00+0200,2312,4377
2015-05-03T13:00:00Z,2015-05-03T15:00:00+0200,2234,3842
2015-05-03T14:00:00Z,2015-05-03T16:00:00+0200,2228,3522
2015-05-03T15:00:00Z,2015-05-03T17:00:00+0200,2346,3464
2015-05-03T16:00:00Z,2015-05-03T18:00:00+0200,2498,3104
2015-05-03T17:00:00Z,2015-05-03T19:00:00+0200,2582,2824
2015-05-03T18:00:00Z,2015-05-03T20:00:00+0200,2714,2658
2015-05-03T19:00:00Z,2015-05-03T21:00:00+0200,2858,2500
2015-05-03T20:00:00Z,2015-05-03T22:00:00+0200,2923,2492
2015-05-03T21:00:00Z,2015-05-03T23:00:00+0200,2954,2597
2015-05-03T22:00:00Z,2015-05-04T00:00:00+0200,3042,2673
2015-05-03T23:00:00Z,2015-05-04T01:00:00+0200,3056,3060
2015-05-04T00:00:00Z,2015-05-04T02:00:00+0200,2950,3256
2015-05-04T01:00:00Z,2015-05-04T03:00:00+0200,2914,3193
2015-05-04T02:00:00Z,2015-05-04T04:00:00+0200,2809,3273
2015-05-04T03:00:00Z,2015-05-04T05:00:00+0200,2719,3423
2015-05-04T04:00:00Z,2015-05-04T06:00:00+0200,2780,3521
2015-05-04T05:00:00Z,2015-05-04T07:00:00+0200,2658,3546
2015-05-04T06:00:00Z,2015-05-04T08:00:00+0200,2634,3614
2015-05-04T07:00:00Z,2015-05-04T09:00:00+0200,2354,3715
2015-05-04T08:00:00Z,2015-05-04T10:00:00+0200,1702,3744
2015-05-04T09:00:00Z,2015-05-04T11:00:00+0200,1172,3662
2015-05-04T10:00:00Z,2015-05-04T12:00:00+0200,784,3259
2015-05-04T11:00:00Z,2015-05-04T13:00:00+0200,586,2898
2015-05-04T12:00:00Z,2015-05-04T14:00:00+0200,617,2746
2015-05-04T13:00:00Z,2015-05-04T15:00:00+0200,648,2663
2015-05-04T14:00:00Z,2015-05-04T16:00:00+0200,518,2544
2015-05-04T15:00:00Z,2015-05-04T17:00:00+0200,418,2254
2015-05-04T16:00:00Z,2015-05-04T18:00:00+0200,466,2010
2015-05-04T17:00:00Z,2015-05-04T19:00:00+0200,662,1759
2015-05-04T18:00:00Z,2015-05-04T20:00:00+0200,1119,1352
2015-05-04T19:00:00Z,2015-05-04T21:00:00+0200,1474,1190
2015-05-04T20:00:00Z,2015-05-04T22:00:00+0200,1888,1228
2015-05-04T21:00:00Z,2015-05-04T23:00:00+0200,1996,1344
2015-05-04T22:00:00Z,2015-05-05T00:00:00+0200,2035,1441
2015-05-04T23:00:00Z,2015-05-05T01:00:00+0200,2246,1751
2015-05-05T00:00:00Z,2015-05-05T02:00:00+0200,2116,1889
2015-05-05T01:00:00Z,2015-05-05T03:00:00+0200,1996,2006
2015-05-05T02:00:00Z,2015-05-05T04:00:00+0200,2208,2196
2015-05-05T03:00:00Z,2015-05-05T05:00:00+0200,2384,2452
2015-05-05T04:00:00Z,2015-05-05T06:00:00+0200,2314,2655
2015-05-05T05:00:00Z,2015-05-05T07:00:00+0200,2415,2831
2015-05-05T06:00:00Z,2015-05-05T08:00:00+0200,2736,3217
2015-05-05T07:00:00Z,2015-05-05T09:00:00+0200,2911,3743
2015-05-05T08:00:00Z,2015-05-05T10:00:00+0200,2795,4396
2015-05-05T09:00:00Z,2015-05-05T11:00:00+0200,3270,4249
2015-05-05T10:00:00Z,2015-05-05T12:00:00+0200,3148,5039
2015-05-05T11:00:00Z,2015-05-05T13:00:00+0200,3212,5206
2015-05-05T12:00:00Z,2015-05-05T14:00:00+0200,3255,5329
2015-05-05T13:00:00Z,2015-05-05T15:00:00+0200,3222,5583
2015-05-05T14:00:00Z,2015-05-05T16:00:00+0200,3218,6206
2015-05-05T15:00:00Z,2015-05-05T17:00:00+0200,3218,6197
2015-05-05T16:00:00Z,2015-05-05T18:00:00+0200,3204,5952
2015-05-05T17:00:00Z,2015-05-05T19:00:00+0200,3287,5661
2015-05-05T18:00:00Z,2015-05-05T20:00:00+0200,3082,5298
2015-05-05T19:00:00Z,2015-05-05T21:00:00+0200,3210,4829
2015-05-05T20:00:00Z,2015-05-05T22:00:00+0200,3278,4674
2015-05-05T21:00:00Z,2015-05-05T23:00:00+0200,3254,4588
2015-05-05T22:00:00Z,2015-05-06T00:00:00+0200,3110,4513
2015-05-05T23:00:00Z,2015-05-06T01:00:00+0200,1762,1546
2015-05-06T00:00:00Z,2015-05-06T02:00:00+0200,3216,3037
2015-05-06T01:00:00Z,2015-05-06T03:00:00+0200,3325,2652
2015-05-06T02:00:00Z,2015-05-06T04:00:00+0200,3449,2939
2015-05-06T03:00:00Z,2015-05-06T05:00:00+0200,3385,2754
2015-05-06T04:00:00Z,2015-05-06T06:00:00+0200,3439,3005
2015-05-06T05:00:00Z,2015-05-06T07:00:00+0200,3441,2811
2015-05-06T06:00:00Z,2015-05-06T08:00:00+0200,3456,2765
2015-05-06T07:00:00Z,2015-05-06T09:00:00+0200,3399,2821
2015-05-06T08:00:00Z,2015-05-06T10:00:00+0200,3293,2907
2015-05-06T09:00:00Z,2015-05-06T11:00:00+0200,3322,2867
2015-05-06T10:00:00Z,2015-05-06T12:00:00+0200,3333,2325
2015-05-06T11:00:00Z,2015-05-06T13:00:00+0200,3280,2274
2015-05-06T12:00:00Z,2015-05-06T14:00:00+0200,3102,3085
2015-05-06T13:00:00Z,2015-05-06T15:00:00+0200,3171,3843
2015-05-06T14:00:00Z,2015-05-06T16:00:00+0200,3394,4289
2015-05-06T15:00:00Z,2015-05-06T17:00:00+0200,3396,4452
2015-05-06T16:00:00Z,2015-05-06T18:00:00+0200,3389,4241
2015-05-06T17:00:00Z,2015-05-06T19:00:00+0200,3436,4223
2015-05-06T18:00:00Z,2015-05-06T20:00:00+0200,3425,3487
2015-05-06T19:00:00Z,2015-05-06T21:00:00+0200,3377,3782
2015-05-06T20:00:00Z,2015-05-06T22:00:00+0200,3319,3479
2015-05-06T21:00:00Z,2015-05-06T23:00:00+0200,3240,3230
2015-05-06T22:00:00Z,2015-05-07T00:00:00+0200,3365,2407
2015-05-06T23:00:00Z,2015-05-07T01:00:00+0200,3144,3075
2015-05-07T00:00:00Z,2015-05-07T02:00:00+0200,3008,2659
2015-05-07T01:00:00Z,2015-05-07T03:00:00+0200,2844,2606
2015-05-07T02:00:00Z,2015-05-07T04:00:00+0200,2564,2413
2015-05-07T03:00:00Z,2015-05-07T05:00:00+0200,2299,2296
2015-05-07T04:00:00Z,2015-05-07T06:00:00+0200,2055,2145
2015-05-07T05:00:00Z,2015-05-07T07:00:00+0200,1754,1990
2015-05-07T06:00:00Z,2015-05-07T08:00:00+0200,1234,1918
2015-05-07T07:00:00Z,2015-05-07T09:00:00+0200,774,2004
2015-05-07T08:00:00Z,2015-05-07T10:00:00+0200,601,2145
2015-05-07T09:00:00Z,2015-05-07T11:00:00+0200,518,2309
2015-05-07T10:00:00Z,2015-05-07T12:00:00+0200,394,2319
2015-05-07T11:00:00Z,2015-05-07T13:00:00+0200,364,2215
2015-05-07T12:00:00Z,2015-05-07T14:00:00+0200,449,2272
2015-05-07T13:00:00Z,2015-05-07T15:00:00+0200,640,2150
2015-05-07T14:00:00Z,2015-05-07T16:00:00+0200,837,1910
2015-05-07T15:00:00Z,2015-05-07T17:00:00+0200,1144,1714
2015-05-07T16:00:00Z,2015-05-07T18:00:00+0200,1074,1594
2015-05-07T17:00:00Z,2015-05-07T19:00:00+0200,985,1430
2015-05-07T18:00:00Z,2015-05-07T20:00:00+0200,850,1091
2015-05-07T19:00:00Z,2015-05-07T21:00:00+0200,807,647
2015-05-07T20:00:00Z,2015-05-07T22:00:00+0200,637,438
2015-05-07T21:00:00Z,2015-05-07T23:00:00+0200,455,331
2015-05-07T22:00:00Z,2015-05-08T00:00:00+0200,370,304
2015-05-07T23:00:00Z,2015-05-08T01:00:00+0200,350,282
2015-05-08T00:00:00Z,2015-05-08T02:00:00+0200,234,276
2015-05-08T01:00:00Z,2015-05-08T03:00:00+0200,238,254
2015-05-08T02:00:00Z,2015-05-08T04:00:00+0200,199,280
2015-05-08T03:00:00Z,2015-05-08T05:00:00+0200,181,297
2015-05-08T04:00:00Z,2015-05-08T06:00:00+0200,167,317
2015-05-08T05:00:00Z,2015-05-08T07:00:00+0200,158,327
2015-05-08T06:00:00Z,2015-05-08T08:00:00+0200,147,328
2015-05-08T07:00:00Z,2015-05-08T09:00:00+0200,174,293
2015-05-08T08:00:00Z,2015-05-08T10:00:00+0200,188,481
2015-05-08T09:00:00Z,2015-05-08T11:00:00+0200,215,615
2015-05-08T10:00:00Z,2015-05-08T12:00:00+0200,248,763
2015-05-08T11:00:00Z,2015-05-08T13:00:00+0200,591,1212
2015-05-08T12:00:00Z,2015-05-08T14:00:00+0200,437,911
2015-05-08T13:00:00Z,2015-05-08T15:00:00+0200,658,1227
2015-05-08T14:00:00Z,2015-05-08T16:00:00+0200,641,1024
2015-05-08T15:00:00Z,2015-05-08T17:00:00+0200,641,1275
2015-05-08T16:00:00Z,2015-05-08T18:00:00+0200,1660,1846
2015-05-08T17:00:00Z,2015-05-08T19:00:00+0200,1908,1821
2015-05-08T18:00:00Z,2015-05-08T20:00:00+0200,2137,1800
2015-05-08T19:00:00Z,2015-05-08T21:00:00+0200,2398,1956
2015-05-08T20:00:00Z,2015-05-08T22:00:00+0200,2348,2000
2015-05-08T21:00:00Z,2015-05-08T23:00:00+0200,2257,1662
2015-05-08T22:00:00Z,2015-05-09T00:00:00+0200,2284,1777
2015-05-08T23:00:00Z,2015-05-09T01:00:00+0200,2814,2064
2015-05-09T00:00:00Z,2015-05-09T02:00:00+0200,2787,2332
2015-05-09T01:00:00Z,2015-05-09T03:00:00+0200,2906,2362
2015-05-09T02:00:00Z,2015-05-09T04:00:00+0200,2920,2220
2015-05-09T03:00:00Z,2015-05-09T05:00:00+0200,2665,2121
2015-05-09T04:00:00Z,2015-05-09T06:00:00+0200,2534,2097
2015-05-09T05:00:00Z,2015-05-09T07:00:00+0200,2892,2318
2015-05-09T06:00:00Z,2015-05-09T08:00:00+0200,3266,2441
2015-05-09T07:00:00Z,2015-05-09T09:00:00+0200,3150,2350
2015-05-09T08:00:00Z,2015-05-09T10:00:00+0200,3022,1861
2015-05-09T09:00:00Z,2015-05-09T11:00:00+0200,2968,2274
2015-05-09T10:00:00Z,2015-05-09T12:00:00+0200,2881,2134
2015-05-09T11:00:00Z,2015-05-09T13:00:00+0200,2770,1784
2015-05-09T12:00:00Z,2015-05-09T14:00:00+0200,2678,1539
2015-05-09T13:00:00Z,2015-05-09T15:00:00+0200,2492,1441
2015-05-09T14:00:00Z,2015-05-09T16:00:00+0200,2210,1401
2015-05-09T15:00:00Z,2015-05-09T17:00:00+0200,1585,1487
2015-05-09T16:00:00Z,2015-05-09T18:00:00+0200,1564,1198
2015-05-09T17:00:00Z,2015-05-09T19:00:00+0200,1361,929
2015-05-09T18:00:00Z,2015-05-09T20:00:00+0200,1019,804
2015-05-09T19:00:00Z,2015-05-09T21:00:00+0200,594,662
2015-05-09T20:00:00Z,2015-05-09T22:00:00+0200,245,586
2015-05-09T21:00:00Z,2015-05-09T23:00:00+0200,158,677
2015-05-09T22:00:00Z,2015-05-10T00:00:00+0200,160,837
2015-05-09T23:00:00Z,2015-05-10T01:00:00+0200,206,1038
2015-05-10T00:00:00Z,2015-05-10T02:00:00+0200,272,1499
2015-05-10T01:00:00Z,2015-05-10T03:00:00+0200,245,1161
2015-05-10T02:00:00Z,2015-05-10T04:00:00+0200,304,1418
2015-05-10T03:00:00Z,2015-05-10T05:00:00+0200,322,1546
2015-05-10T04:00:00Z,2015-05-10T06:00:00+0200,504,1899
2015-05-10T05:00:00Z,2015-05-10T07:00:00+0200,807,2255
2015-05-10T06:00:00Z,2015-05-10T08:00:00+0200,1104,2552
2015-05-10T07:00:00Z,2015-05-10T09:00:00+0200,1162,3059
2015-05-10T08:00:00Z,2015-05-10T10:00:00+0200,1586,3578
2015-05-10T09:00:00Z,2015-05-10T11:00:00+0200,1401,3916
2015-05-10T10:00:00Z,2015-05-10T12:00:00+0200,2332,4648
2015-05-10T11:00:00Z,2015-05-10T13:00:00+0200,2094,4649
2015-05-10T12:00:00Z,2015-05-10T14:00:00+0200,2110,4855
2015-05-10T13:00:00Z,2015-05-10T15:00:00+0200,2160,4112
2015-05-10T14:00:00Z,2015-05-10T16:00:00+0200,2172,4931
2015-05-10T15:00:00Z,2015-05-10T17:00:00+0200,2518,5092
2015-05-10T16:00:00Z,2015-05-10T18:00:00+0200,2611,3533
2015-05-10T17:00:00Z,2015-05-10T19:00:00+0200,2008,5082
2015-05-10T18:00:00Z,2015-05-10T20:00:00+0200,2000,4757
2015-05-10T19:00:00Z,2015-05-10T21:00:00+0200,1872,4570
2015-05-10T20:00:00Z,2015-05-10T22:00:00+0200,1929,3977
2015-05-10T21:00:00Z,2015-05-10T23:00:00+0200,1882,4429
2015-05-10T22:00:00Z,2015-05-11T00:00:00+0200,1926,3572
2015-05-10T23:00:00Z,2015-05-11T01:00:00+0200,1771,4084
2015-05-11T00:00:00Z,2015-05-11T02:00:00+0200,1858,3943
2015-05-11T01:00:00Z,2015-05-11T03:00:00+0200,1940,3950
2015-05-11T02:00:00Z,2015-05-11T04:00:00+0200,2277,3319
2015-05-11T03:00:00Z,2015-05-11T05:00:00+0200,2258,3004
2015-05-11T04:00:00Z,2015-05-11T06:00:00+0200,2421,3324
2015-05-11T05:00:00Z,2015-05-11T07:00:00+0200,2602,3177
2015-05-11T06:00:00Z,2015-05-11T08:00:00+0200,2610,3540
2015-05-11T07:00:00Z,2015-05-11T09:00:00+0200,2434,3872
2015-05-11T08:00:00Z,2015-05-11T10:00:00+0200,2220,4181
2015-05-11T09:00:00Z,2015-05-11T11:00:00+0200,2115,4622
2015-05-11T10:00:00Z,2015-05-11T12:00:00+0200,2179,4828
2015-05-11T11:00:00Z,2015-05-11T13:00:00+0200,2207,5014
2015-05-11T12:00:00Z,2015-05-11T14:00:00+0200,2134,5088
2015-05-11T13:00:00Z,2015-05-11T15:00:00+0200,2584,4983
2015-05-11T14:00:00Z,2015-05-11T16:00:00+0200,2238,5004
2015-05-11T15:00:00Z,2015-05-11T17:00:00+0200,2287,4230
2015-05-11T16:00:00Z,2015-05-11T18:00:00+0200,2470,4214
2015-05-11T17:00:00Z,2015-05-11T19:00:00+0200,2970,4800
2015-05-11T18:00:00Z,2015-05-11T20:00:00+0200,3040,4562
2015-05-11T19:00:00Z,2015-05-11T21:00:00+0200,3128,4362
2015-05-11T20:00:00Z,2015-05-11T22:00:00+0200,1553,2603
2015-05-11T21:00:00Z,2015-05-11T23:00:00+0200,2878,4070
2015-05-11T22:00:00Z,2015-05-12T00:00:00+0200,2861,3322
2015-05-11T23:00:00Z,2015-05-12T01:00:00+0200,2764,3310
2015-05-12T00:00:00Z,2015-05-12T02:00:00+0200,2530,3201
2015-05-12T01:00:00Z,2015-05-12T03:00:00+0200,2416,3133
2015-05-12T02:00:00Z,2015-05-12T04:00:00+0200,2036,3116
2015-05-12T03:00:00Z,2015-05-12T05:00:00+0200,1724,3094
2015-05-12T04:00:00Z,2015-05-12T06:00:00+0200,1715,3131
2015-05-12T05:00:00Z,2015-05-12T07:00:00+0200,1908,3475
2015-05-12T06:00:00Z,2015-05-12T08:00:00+0200,2134,3917
2015-05-12T07:00:00Z,2015-05-12T09:00:00+0200,2388,4253
2015-05-12T08:00:00Z,2015-05-12T10:00:00+0200,2562,4527
2015-05-12T09:00:00Z,2015-05-12T11:00:00+0200,2633,4910
2015-05-12T10:00:00Z,2015-05-12T12:00:00+0200,2486,5151
2015-05-12T11:00:00Z,2015-05-12T13:00:00+0200,2486,5394
2015-05-12T12:00:00Z,2015-05-12T14:00:00+0200,2696,5216
2015-05-12T13:00:00Z,2015-05-12T15:00:00+0200,2749,5274
2015-05-12T14:00:00Z,2015-05-12T16:00:00+0200,2670,5440
2015-05-12T15:00:00Z,2015-05-12T17:00:00+0200,2758,5420
2015-05-12T16:00:00Z,2015-05-12T18:00:00+0200,2620,5343
2015-05-12T17:00:00Z,2015-05-12T19:00:00+0200,2644,4923
2015-05-12T18:00:00Z,2015-05-12T20:00:00+0200,2472,4408
2015-05-12T19:00:00Z,2015-05-12T21:00:00+0200,2188,4099
2015-05-12T20:00:00Z,2015-05-12T22:00:00+0200,1889,3699
2015-05-12T21:00:00Z,2015-05-12T23:00:00+0200,2122,3503
2015-05-12T22:00:00Z,2015-05-13T00:00:00+0200,2010,3061
2015-05-12T23:00:00Z,2015-05-13T01:00:00+0200,1866,2919
2015-05-13T00:00:00Z,2015-05-13T02:00:00+0200,1048,1949
2015-05-13T01:00:00Z,2015-05-13T03:00:00+0200,1343,1927
2015-05-13T02:00:00Z,2015-05-13T04:00:00+0200,978,2081
2015-05-13T03:00:00Z,2015-05-13T05:00:00+0200,843,1812
2015-05-13T04:00:00Z,2015-05-13T06:00:00+0200,644,1492
2015-05-13T05:00:00Z,2015-05-13T07:00:00+0200,542,1132
2015-05-13T06:00:00Z,2015-05-13T08:00:00+0200,320,974
2015-05-13T07:00:00Z,2015-05-13T09:00:00+0200,177,907
2015-05-13T08:00:00Z,2015-05-13T10:00:00+0200,47,738
2015-05-13T09:00:00Z,2015-05-13T11:00:00+0200,27,541
2015-05-13T10:00:00Z,2015-05-13T12:00:00+0200,22,381
2015-05-13T11:00:00Z,2015-05-13T13:00:00+0200,19,273
2015-05-13T12:00:00Z,2015-05-13T14:00:00+0200,23,218
2015-05-13T13:00:00Z,2015-05-13T15:00:00+0200,39,193
2015-05-13T14:00:00Z,2015-05-13T16:00:00+0200,74,209
2015-05-13T15:00:00Z,2015-05-13T17:00:00+0200,79,222
2015-05-13T16:00:00Z,2015-05-13T18:00:00+0200,106,149
2015-05-13T17:00:00Z,2015-05-13T19:00:00+0200,175,334
2015-05-13T18:00:00Z,2015-05-13T20:00:00+0200,233,294
2015-05-13T19:00:00Z,2015-05-13T21:00:00+0200,270,578
2015-05-13T20:00:00Z,2015-05-13T22:00:00+0200,277,670
2015-05-13T21:00:00Z,2015-05-13T23:00:00+0200,386,904
2015-05-13T22:00:00Z,2015-05-14T00:00:00+0200,288,765
2015-05-13T23:00:00Z,2015-05-14T01:00:00+0200,580,795
2015-05-14T00:00:00Z,2015-05-14T02:00:00+0200,575,757
2015-05-14T01:00:00Z,2015-05-14T03:00:00+0200,1160,1456
2015-05-14T02:00:00Z,2015-05-14T04:00:00+0200,1050,1427
2015-05-14T03:00:00Z,2015-05-14T05:00:00+0200,1127,1511
2015-05-14T04:00:00Z,2015-05-14T06:00:00+0200,601,1086
2015-05-14T05:00:00Z,2015-05-14T07:00:00+0200,1309,1545
2015-05-14T06:00:00Z,2015-05-14T08:00:00+0200,1514,1590
2015-05-14T07:00:00Z,2015-05-14T09:00:00+0200,1582,1618
2015-05-14T08:00:00Z,2015-05-14T10:00:00+0200,1730,1176
2015-05-14T09:00:00Z,2015-05-14T11:00:00+0200,1864,1918
2015-05-14T10:00:00Z,2015-05-14T12:00:00+0200,1998,1951
2015-05-14T11:00:00Z,2015-05-14T13:00:00+0200,2016,1947
2015-05-14T12:00:00Z,2015-05-14T14:00:00+0200,2092,1872
2015-05-14T13:00:00Z,2015-05-14T15:00:00+0200,2270,1633
2015-05-14T14:00:00Z,2015-05-14T16:00:00+0200,2255,1407
2015-05-14T15:00:00Z,2015-05-14T17:00:00+0200,2228,1283
2015-05-14T16:00:00Z,2015-05-14T18:00:00+0200,1281,754
2015-05-14T17:00:00Z,2015-05-14T19:00:00+0200,2492,1118
2015-05-14T18:00:00Z,2015-05-14T20:00:00+0200,2514,1122
2015-05-14T19:00:00Z,2015-05-14T21:00:00+0200,2397,985
2015-05-14T20:00:00Z,2015-05-14T22:00:00+0200,2129,814
2015-05-14T21:00:00Z,2015-05-14T23:00:00+0200,989,503
2015-05-14T22:00:00Z,2015-05-15T00:00:00+0200,1884,715
2015-05-14T23:00:00Z,2015-05-15T01:00:00+0200,903,357
2015-05-15T00:00:00Z,2015-05-15T02:00:00+0200,1646,763
2015-05-15T01:00:00Z,2015-05-15T03:00:00+0200,1572,726
2015-05-15T02:00:00Z,2015-05-15T04:00:00+0200,1616,680
2015-05-15T03:00:00Z,2015-05-15T05:00:00+0200,1489,565
2015-05-15T04:00:00Z,2015-05-15T06:00:00+0200,1376,641
2015-05-15T05:00:00Z,2015-05-15T07:00:00+0200,1184,597
2015-05-15T06:00:00Z,2015-05-15T08:00:00+0200,970,592
2015-05-15T07:00:00Z,2015-05-15T09:00:00+0200,724,726
2015-05-15T08:00:00Z,2015-05-15T10:00:00+0200,506,1134
2015-05-15T09:00:00Z,2015-05-15T11:00:00+0200,491,1150
2015-05-15T10:00:00Z,2015-05-15T12:00:00+0200,348,2013
2015-05-15T11:00:00Z,2015-05-15T13:00:00+0200,1198,2819
2015-05-15T12:00:00Z,2015-05-15T14:00:00+0200,255,2863
2015-05-15T13:00:00Z,2015-05-15T15:00:00+0200,296,2682
2015-05-15T14:00:00Z,2015-05-15T16:00:00+0200,753,3144
2015-05-15T15:00:00Z,2015-05-15T17:00:00+0200,659,3203
2015-05-15T16:00:00Z,2015-05-15T18:00:00+0200,968,2467
2015-05-15T17:00:00Z,2015-05-15T19:00:00+0200,1234,3474
2015-05-15T18:00:00Z,2015-05-15T20:00:00+0200,1604,3276
2015-05-15T19:00:00Z,2015-05-15T21:00:00+0200,1727,3075
2015-05-15T20:00:00Z,2015-05-15T22:00:00+0200,2087,3349
2015-05-15T21:00:00Z,2015-05-15T23:00:00+0200,2266,2979
2015-05-15T22:00:00Z,2015-05-16T00:00:00+0200,1194,1937
2015-05-15T23:00:00Z,2015-05-16T01:00:00+0200,2498,2959
2015-05-16T00:00:00Z,2015-05-16T02:00:00+0200,2401,2884
2015-05-16T01:00:00Z,2015-05-16T03:00:00+0200,2222,2819
2015-05-16T02:00:00Z,2015-05-16T04:00:00+0200,2138,3070
2015-05-16T03:00:00Z,2015-05-16T05:00:00+0200,2149,3193
2015-05-16T04:00:00Z,2015-05-16T06:00:00+0200,2280,3221
2015-05-16T05:00:00Z,2015-05-16T07:00:00+0200,2020,3305
2015-05-16T06:00:00Z,2015-05-16T08:00:00+0200,2298,3252
2015-05-16T07:00:00Z,2015-05-16T09:00:00+0200,2264,3674
2015-05-16T08:00:00Z,2015-05-16T10:00:00+0200,2309,3998
2015-05-16T09:00:00Z,2015-05-16T11:00:00+0200,2046,4021
2015-05-16T10:00:00Z,2015-05-16T12:00:00+0200,1898,4206
2015-05-16T11:00:00Z,2015-05-16T13:00:00+0200,1764,4181
2015-05-16T12:00:00Z,2015-05-16T14:00:00+0200,1629,4205
2015-05-16T13:00:00Z,2015-05-16T15:00:00+0200,1632,4138
2015-05-16T14:00:00Z,2015-05-16T16:00:00+0200,1620,3979
2015-05-16T15:00:00Z,2015-05-16T17:00:00+0200,1496,3859
2015-05-16T16:00:00Z,2015-05-16T18:00:00+0200,1527,3892
2015-05-16T17:00:00Z,2015-05-16T19:00:00+0200,1409,3752
2015-05-16T18:00:00Z,2015-05-16T20:00:00+0200,1378,3033
2015-05-16T19:00:00Z,2015-05-16T21:00:00+0200,1074,3124
2015-05-16T20:00:00Z,2015-05-16T22:00:00+0200,899,2867
2015-05-16T21:00:00Z,2015-05-16T23:00:00+0200,1087,2993
2015-05-16T22:00:00Z,2015-05-17T00:00:00+0200,1242,3022
2015-05-16T23:00:00Z,2015-05-17T01:00:00+0200,1158,2963
2015-05-17T00:00:00Z,2015-05-17T02:00:00+0200,1292,2876
2015-05-17T01:00:00Z,2015-05-17T03:00:00+0200,1315,2430
2015-05-17T02:00:00Z,2015-05-17T04:00:00+0200,1681,2542
2015-05-17T03:00:00Z,2015-05-17T05:00:00+0200,1826,3303
2015-05-17T04:00:00Z,2015-05-17T06:00:00+0200,1534,3071
2015-05-17T05:00:00Z,2015-05-17T07:00:00+0200,1674,2911
2015-05-17T06:00:00Z,2015-05-17T08:00:00+0200,1464,3196
2015-05-17T07:00:00Z,2015-05-17T09:00:00+0200,1702,3437
2015-05-17T08:00:00Z,2015-05-17T10:00:00+0200,1407,1988
2015-05-17T09:00:00Z,2015-05-17T11:00:00+0200,1709,2251
2015-05-17T10:00:00Z,2015-05-17T12:00:00+0200,1821,3606
2015-05-17T11:00:00Z,2015-05-17T13:00:00+0200,1889,3761
2015-05-17T12:00:00Z,2015-05-17T14:00:00+0200,1910,3846
2015-05-17T13:00:00Z,2015-05-17T15:00:00+0200,1834,3605
2015-05-17T14:00:00Z,2015-05-17T16:00:00+0200,1606,3483
2015-05-17T15:00:00Z,2015-05-17T17:00:00+0200,1604,3323
2015-05-17T16:00:00Z,2015-05-17T18:00:00+0200,1728,3146
2015-05-17T17:00:00Z,2015-05-17T19:00:00+0200,1824,3004
2015-05-17T18:00:00Z,2015-05-17T20:00:00+0200,1764,2736
2015-05-17T19:00:00Z,2015-05-17T21:00:00+0200,1560,2407
2015-05-17T20:00:00Z,2015-05-17T22:00:00+0200,1389,2308
2015-05-17T21:00:00Z,2015-05-17T23:00:00+0200,1301,2430
2015-05-17T22:00:00Z,2015-05-18T00:00:00+0200,1357,2143
2015-05-17T23:00:00Z,2015-05-18T01:00:00+0200,1218,2583
2015-05-18T00:00:00Z,2015-05-18T02:00:00+0200,1300,2454
2015-05-18T01:00:00Z,2015-05-18T03:00:00+0200,1562,2005
2015-05-18T02:00:00Z,2015-05-18T04:00:00+0200,1470,2023
2015-05-18T03:00:00Z,2015-05-18T05:00:00+0200,2536,1761
2015-05-18T04:00:00Z,2015-05-18T06:00:00+0200,2542,1745
2015-05-18T05:00:00Z,2015-05-18T07:00:00+0200,1975,1435
2015-05-18T06:00:00Z,2015-05-18T08:00:00+0200,2950,1667
2015-05-18T07:00:00Z,2015-05-18T09:00:00+0200,2523,2069
2015-05-18T08:00:00Z,2015-05-18T10:00:00+0200,2991,1492
2015-05-18T09:00:00Z,2015-05-18T11:00:00+0200,2841,1443
2015-05-18T10:00:00Z,2015-05-18T12:00:00+0200,3006,1721
2015-05-18T11:00:00Z,2015-05-18T13:00:00+0200,2962,1894
2015-05-18T12:00:00Z,2015-05-18T14:00:00+0200,2780,2435
2015-05-18T13:00:00Z,2015-05-18T15:00:00+0200,2790,2117
2015-05-18T14:00:00Z,2015-05-18T16:00:00+0200,2939,2817
2015-05-18T15:00:00Z,2015-05-18T17:00:00+0200,3114,2339
2015-05-18T16:00:00Z,2015-05-18T18:00:00+0200,2472,2525
2015-05-18T17:00:00Z,2015-05-18T19:00:00+0200,1964,2109
2015-05-18T18:00:00Z,2015-05-18T20:00:00+0200,2347,1829
2015-05-18T19:00:00Z,2015-05-18T21:00:00+0200,2606,1699
2015-05-18T20:00:00Z,2015-05-18T22:00:00+0200,2549,1489
2015-05-18T21:00:00Z,2015-05-18T23:00:00+0200,2684,1041
2015-05-18T22:00:00Z,2015-05-19T00:00:00+0200,2743,1308
2015-05-18T23:00:00Z,2015-05-19T01:00:00+0200,2883,1897
2015-05-19T00:00:00Z,2015-05-19T02:00:00+0200,2954,2120
2015-05-19T01:00:00Z,2015-05-19T03:00:00+0200,3014,2128
2015-05-19T02:00:00Z,2015-05-19T04:00:00+0200,3017,1713
2015-05-19T03:00:00Z,2015-05-19T05:00:00+0200,3039,2256
2015-05-19T04:00:00Z,2015-05-19T06:00:00+0200,1575,1405
2015-05-19T05:00:00Z,2015-05-19T07:00:00+0200,3084,2749
2015-05-19T06:00:00Z,2015-05-19T08:00:00+0200,3080,1991
2015-05-19T07:00:00Z,2015-05-19T09:00:00+0200,3038,2680
2015-05-19T08:00:00Z,2015-05-19T10:00:00+0200,2804,2942
2015-05-19T09:00:00Z,2015-05-19T11:00:00+0200,2780,1957
2015-05-19T10:00:00Z,2015-05-19T12:00:00+0200,2626,2220
2015-05-19T11:00:00Z,2015-05-19T13:00:00+0200,2269,3921
2015-05-19T12:00:00Z,2015-05-19T14:00:00+0200,2318,4219
2015-05-19T13:00:00Z,2015-05-19T15:00:00+0200,2113,4279
2015-05-19T14:00:00Z,2015-05-19T16:00:00+0200,2191,4352
2015-05-19T15:00:00Z,2015-05-19T17:00:00+0200,2139,3667
2015-05-19T16:00:00Z,2015-05-19T18:00:00+0200,1857,3598
2015-05-19T17:00:00Z,2015-05-19T19:00:00+0200,1764,3744
2015-05-19T18:00:00Z,2015-05-19T20:00:00+0200,1868,3153
2015-05-19T19:00:00Z,2015-05-19T21:00:00+0200,1900,2913
2015-05-19T20:00:00Z,2015-05-19T22:00:00+0200,1975,3292
2015-05-19T21:00:00Z,2015-05-19T23:00:00+0200,2197,2801
2015-05-19T22:00:00Z,2015-05-20T00:00:00+0200,2407,3030
2015-05-19T23:00:00Z,2015-05-20T01:00:00+0200,2608,2755
2015-05-20T00:00:00Z,2015-05-20T02:00:00+0200,1287,1490
2015-05-20T01:00:00Z,2015-05-20T03:00:00+0200,2586,2819
2015-05-20T02:00:00Z,2015-05-20T04:00:00+0200,1619,2123
2015-05-20T03:00:00Z,2015-05-20T05:00:00+0200,2512,3113
2015-05-20T04:00:00Z,2015-05-20T06:00:00+0200,2396,2898
2015-05-20T05:00:00Z,2015-05-20T07:00:00+0200,2195,2743
2015-05-20T06:00:00Z,2015-05-20T08:00:00+0200,2160,2919
2015-05-20T07:00:00Z,2015-05-20T09:00:00+0200,1856,3140
2015-05-20T08:00:00Z,2015-05-20T10:00:00+0200,1560,3199
2015-05-20T09:00:00Z,2015-05-20T11:00:00+0200,1317,3164
2015-05-20T10:00:00Z,2015-05-20T12:00:00+0200,1096,2901
2015-05-20T11:00:00Z,2015-05-20T13:00:00+0200,1063,2679
2015-05-20T12:00:00Z,2015-05-20T14:00:00+0200,700,2189
2015-05-20T13:00:00Z,2015-05-20T15:00:00+0200,976,2629
2015-05-20T14:00:00Z,2015-05-20T16:00:00+0200,906,2529
2015-05-20T15:00:00Z,2015-05-20T17:00:00+0200,915,2022
2015-05-20T16:00:00Z,2015-05-20T18:00:00+0200,369,2194
2015-05-20T17:00:00Z,2015-05-20T19:00:00+0200,405,1878
2015-05-20T18:00:00Z,2015-05-20T20:00:00+0200,486,1788
2015-05-20T19:00:00Z,2015-05-20T21:00:00+0200,220,1605
2015-05-20T20:00:00Z,2015-05-20T22:00:00+0200,353,1681
2015-05-20T21:00:00Z,2015-05-20T23:00:00+0200,749,1427
2015-05-20T22:00:00Z,2015-05-21T00:00:00+0200,286,1158
2015-05-20T23:00:00Z,2015-05-21T01:00:00+0200,897,1754
2015-05-21T00:00:00Z,2015-05-21T02:00:00+0200,768,1935
2015-05-21T01:00:00Z,2015-05-21T03:00:00+0200,782,2009
2015-05-21T02:00:00Z,2015-05-21T04:00:00+0200,966,2049
2015-05-21T03:00:00Z,2015-05-21T05:00:00+0200,787,2109
2015-05-21T04:00:00Z,2015-05-21T06:00:00+0200,448,2548
2015-05-21T05:00:00Z,2015-05-21T07:00:00+0200,722,2688
2015-05-21T06:00:00Z,2015-05-21T08:00:00+0200,613,2685
2015-05-21T07:00:00Z,2015-05-21T09:00:00+0200,517,2261
2015-05-21T08:00:00Z,2015-05-21T10:00:00+0200,454,2319
2015-05-21T09:00:00Z,2015-05-21T11:00:00+0200,504,2709
2015-05-21T10:00:00Z,2015-05-21T12:00:00+0200,560,2414
2015-05-21T11:00:00Z,2015-05-21T13:00:00+0200,698,2923
2015-05-21T12:00:00Z,2015-05-21T14:00:00+0200,744,2619
2015-05-21T13:00:00Z,2015-05-21T15:00:00+0200,827,3099
2015-05-21T14:00:00Z,2015-05-21T16:00:00+0200,1064,3198
2015-05-21T15:00:00Z,2015-05-21T17:00:00+0200,1174,3282
2015-05-21T16:00:00Z,2015-05-21T18:00:00+0200,1430,3201
2015-05-21T17:00:00Z,2015-05-21T19:00:00+0200,1503,3013
2015-05-21T18:00:00Z,2015-05-21T20:00:00+0200,1618,2738
2015-05-21T19:00:00Z,2015-05-21T21:00:00+0200,1598,2505
2015-05-21T20:00:00Z,2015-05-21T22:00:00+0200,1433,2332
2015-05-21T21:00:00Z,2015-05-21T23:00:00+0200,1468,2166
2015-05-21T22:00:00Z,2015-05-22T00:00:00+0200,667,1242
2015-05-21T23:00:00Z,2015-05-22T01:00:00+0200,698,1140
2015-05-22T00:00:00Z,2015-05-22T02:00:00+0200,573,855
2015-05-22T01:00:00Z,2015-05-22T03:00:00+0200,1184,1772
2015-05-22T02:00:00Z,2015-05-22T04:00:00+0200,1074,1637
2015-05-22T03:00:00Z,2015-05-22T05:00:00+0200,853,1643
2015-05-22T04:00:00Z,2015-05-22T06:00:00+0200,372,1107
2015-05-22T05:00:00Z,2015-05-22T07:00:00+0200,604,1783
2015-05-22T06:00:00Z,2015-05-22T08:00:00+0200,612,1882
2015-05-22T07:00:00Z,2015-05-22T09:00:00+0200,396,2861
2015-05-22T08:00:00Z,2015-05-22T10:00:00+0200,606,2244
2015-05-22T09:00:00Z,2015-05-22T11:00:00+0200,588,3139
2015-05-22T10:00:00Z,2015-05-22T12:00:00+0200,732,3155
2015-05-22T11:00:00Z,2015-05-22T13:00:00+0200,770,3209
2015-05-22T12:00:00Z,2015-05-22T14:00:00+0200,750,3316
2015-05-22T13:00:00Z,2015-05-22T15:00:00+0200,797,3250
2015-05-22T14:00:00Z,2015-05-22T16:00:00+0200,851,3392
2015-05-22T15:00:00Z,2015-05-22T17:00:00+0200,774,3246
2015-05-22T16:00:00Z,2015-05-22T18:00:00+0200,793,2912
2015-05-22T17:00:00Z,2015-05-22T19:00:00+0200,934,2434
2015-05-22T18:00:00Z,2015-05-22T20:00:00+0200,852,1883
2015-05-22T19:00:00Z,2015-05-22T21:00:00+0200,799,1201
2015-05-22T20:00:00Z,2015-05-22T22:00:00+0200,607,1199
2015-05-22T21:00:00Z,2015-05-22T23:00:00+0200,773,1048
2015-05-22T22:00:00Z,2015-05-23T00:00:00+0200,756,856
2015-05-22T23:00:00Z,2015-05-23T01:00:00+0200,614,644
2015-05-23T00:00:00Z,2015-05-23T02:00:00+0200,676,651
2015-05-23T01:00:00Z,2015-05-23T03:00:00+0200,544,644
2015-05-23T02:00:00Z,2015-05-23T04:00:00+0200,637,473
2015-05-23T03:00:00Z,2015-05-23T05:00:00+0200,518,314
2015-05-23T04:00:00Z,2015-05-23T06:00:00+0200,534,259
2015-05-23T05:00:00Z,2015-05-23T07:00:00+0200,524,227
2015-05-23T06:00:00Z,2015-05-23T08:00:00+0200,676,209
2015-05-23T07:00:00Z,2015-05-23T09:00:00+0200,789,240
2015-05-23T08:00:00Z,2015-05-23T10:00:00+0200,689,334
2015-05-23T09:00:00Z,2015-05-23T11:00:00+0200,387,260
2015-05-23T10:00:00Z,2015-05-23T12:00:00+0200,395,322
2015-05-23T11:00:00Z,2015-05-23T13:00:00+0200,600,637
2015-05-23T12:00:00Z,2015-05-23T14:00:00+0200,663,767
2015-05-23T13:00:00Z,2015-05-23T15:00:00+0200,543,701
2015-05-23T14:00:00Z,2015-05-23T16:00:00+0200,462,852
2015-05-23T15:00:00Z,2015-05-23T17:00:00+0200,392,1015
2015-05-23T16:00:00Z,2015-05-23T18:00:00+0200,390,1215
2015-05-23T17:00:00Z,2015-05-23T19:00:00+0200,435,1547
2015-05-23T18:00:00Z,2015-05-23T20:00:00+0200,432,1680
2015-05-23T19:00:00Z,2015-05-23T21:00:00+0200,522,1908
2015-05-23T20:00:00Z,2015-05-23T22:00:00+0200,588,1975
2015-05-23T21:00:00Z,2015-05-23T23:00:00+0200,620,2205
2015-05-23T22:00:00Z,2015-05-24T00:00:00+0200,604,1919
2015-05-23T23:00:00Z,2015-05-24T01:00:00+0200,836,2268
2015-05-24T00:00:00Z,2015-05-24T02:00:00+0200,1040,2287
2015-05-24T01:00:00Z,2015-05-24T03:00:00+0200,1209,2482
2015-05-24T02:00:00Z,2015-05-24T04:00:00+0200,1140,2640
2015-05-24T03:00:00Z,2015-05-24T05:00:00+0200,1116,3130
2015-05-24T04:00:00Z,2015-05-24T06:00:00+0200,1076,3083
2015-05-24T05:00:00Z,2015-05-24T07:00:00+0200,1155,2646
2015-05-24T06:00:00Z,2015-05-24T08:00:00+0200,1027,2708
2015-05-24T07:00:00Z,2015-05-24T09:00:00+0200,1043,2651
2015-05-24T08:00:00Z,2015-05-24T10:00:00+0200,1013,2669
2015-05-24T09:00:00Z,2015-05-24T11:00:00+0200,895,3259
2015-05-24T10:00:00Z,2015-05-24T12:00:00+0200,904,3410
2015-05-24T11:00:00Z,2015-05-24T13:00:00+0200,966,3472
2015-05-24T12:00:00Z,2015-05-24T14:00:00+0200,976,3087
2015-05-24T13:00:00Z,2015-05-24T15:00:00+0200,1062,3427
2015-05-24T14:00:00Z,2015-05-24T16:00:00+0200,886,3454
2015-05-24T15:00:00Z,2015-05-24T17:00:00+0200,822,3415
2015-05-24T16:00:00Z,2015-05-24T18:00:00+0200,662,3072
2015-05-24T17:00:00Z,2015-05-24T19:00:00+0200,402,2998
2015-05-24T18:00:00Z,2015-05-24T20:00:00+0200,221,2785
2015-05-24T19:00:00Z,2015-05-24T21:00:00+0200,190,2361
2015-05-24T20:00:00Z,2015-05-24T22:00:00+0200,170,2094
2015-05-24T21:00:00Z,2015-05-24T23:00:00+0200,273,2082
2015-05-24T22:00:00Z,2015-05-25T00:00:00+0200,552,1952
2015-05-24T23:00:00Z,2015-05-25T01:00:00+0200,752,2045
2015-05-25T00:00:00Z,2015-05-25T02:00:00+0200,717,1910
2015-05-25T01:00:00Z,2015-05-25T03:00:00+0200,890,1825
2015-05-25T02:00:00Z,2015-05-25T04:00:00+0200,855,1586
2015-05-25T03:00:00Z,2015-05-25T05:00:00+0200,1116,1624
2015-05-25T04:00:00Z,2015-05-25T06:00:00+0200,1207,1465
2015-05-25T05:00:00Z,2015-05-25T07:00:00+0200,1220,1404
2015-05-25T06:00:00Z,2015-05-25T08:00:00+0200,1105,1507
2015-05-25T07:00:00Z,2015-05-25T09:00:00+0200,1040,1594
2015-05-25T08:00:00Z,2015-05-25T10:00:00+0200,839,1710
2015-05-25T09:00:00Z,2015-05-25T11:00:00+0200,638,1877
2015-05-25T10:00:00Z,2015-05-25T12:00:00+0200,368,2089
2015-05-25T11:00:00Z,2015-05-25T13:00:00+0200,394,1851
2015-05-25T12:00:00Z,2015-05-25T14:00:00+0200,352,1888
2015-05-25T13:00:00Z,2015-05-25T15:00:00+0200,294,2301
2015-05-25T14:00:00Z,2015-05-25T16:00:00+0200,324,2345
2015-05-25T15:00:00Z,2015-05-25T17:00:00+0200,450,2253
2015-05-25T16:00:00Z,2015-05-25T18:00:00+0200,476,2098
2015-05-25T17:00:00Z,2015-05-25T19:00:00+0200,567,1786
2015-05-25T18:00:00Z,2015-05-25T20:00:00+0200,470,1624
2015-05-25T19:00:00Z,2015-05-25T21:00:00+0200,482,1410
2015-05-25T20:00:00Z,2015-05-25T22:00:00+0200,498,1221
2015-05-25T21:00:00Z,2015-05-25T23:00:00+0200,464,1098
2015-05-25T22:00:00Z,2015-05-26T00:00:00+0200,418,1043
2015-05-25T23:00:00Z,2015-05-26T01:00:00+0200,412,1154
2015-05-26T00:00:00Z,2015-05-26T02:00:00+0200,637,1388
2015-05-26T01:00:00Z,2015-05-26T03:00:00+0200,720,1164
2015-05-26T02:00:00Z,2015-05-26T04:00:00+0200,602,1302
2015-05-26T03:00:00Z,2015-05-26T05:00:00+0200,694,1213
2015-05-26T04:00:00Z,2015-05-26T06:00:00+0200,482,1658
2015-05-26T05:00:00Z,2015-05-26T07:00:00+0200,470,1945
2015-05-26T06:00:00Z,2015-05-26T08:00:00+0200,539,2490
2015-05-26T07:00:00Z,2015-05-26T09:00:00+0200,524,2368
2015-05-26T08:00:00Z,2015-05-26T10:00:00+0200,471,2081
2015-05-26T09:00:00Z,2015-05-26T11:00:00+0200,606,2614
2015-05-26T10:00:00Z,2015-05-26T12:00:00+0200,647,1654
2015-05-26T11:00:00Z,2015-05-26T13:00:00+0200,622,2292
2015-05-26T12:00:00Z,2015-05-26T14:00:00+0200,733,2040
2015-05-26T13:00:00Z,2015-05-26T15:00:00+0200,815,2167
2015-05-26T14:00:00Z,2015-05-26T16:00:00+0200,668,3190
2015-05-26T15:00:00Z,2015-05-26T17:00:00+0200,640,3255
2015-05-26T16:00:00Z,2015-05-26T18:00:00+0200,749,3138
2015-05-26T17:00:00Z,2015-05-26T19:00:00+0200,628,3031
2015-05-26T18:00:00Z,2015-05-26T20:00:00+0200,726,2796
2015-05-26T19:00:00Z,2015-05-26T21:00:00+0200,745,2438
2015-05-26T20:00:00Z,2015-05-26T22:00:00+0200,823,1914
2015-05-26T21:00:00Z,2015-05-26T23:00:00+0200,845,1898
2015-05-26T22:00:00Z,2015-05-27T00:00:00+0200,872,1836
2015-05-26T23:00:00Z,2015-05-27T01:00:00+0200,957,1681
2015-05-27T00:00:00Z,2015-05-27T02:00:00+0200,798,1560
2015-05-27T01:00:00Z,2015-05-27T03:00:00+0200,728,1486
2015-05-27T02:00:00Z,2015-05-27T04:00:00+0200,726,1478
2015-05-27T03:00:00Z,2015-05-27T05:00:00+0200,820,1654
2015-05-27T04:00:00Z,2015-05-27T06:00:00+0200,735,1606
2015-05-27T05:00:00Z,2015-05-27T07:00:00+0200,638,1457
2015-05-27T06:00:00Z,2015-05-27T08:00:00+0200,460,1366
2015-05-27T07:00:00Z,2015-05-27T09:00:00+0200,334,1558
2015-05-27T08:00:00Z,2015-05-27T10:00:00+0200,176,1594
2015-05-27T09:00:00Z,2015-05-27T11:00:00+0200,130,1719
2015-05-27T10:00:00Z,2015-05-27T12:00:00+0200,98,1884
2015-05-27T11:00:00Z,2015-05-27T13:00:00+0200,164,2037
2015-05-27T12:00:00Z,2015-05-27T14:00:00+0200,214,2314
2015-05-27T13:00:00Z,2015-05-27T15:00:00+0200,421,2498
2015-05-27T14:00:00Z,2015-05-27T16:00:00+0200,971,2829
2015-05-27T15:00:00Z,2015-05-27T17:00:00+0200,1570,2832
2015-05-27T16:00:00Z,2015-05-27T18:00:00+0200,1861,2301
2015-05-27T17:00:00Z,2015-05-27T19:00:00+0200,2374,2656
2015-05-27T18:00:00Z,2015-05-27T20:00:00+0200,2999,2334
2015-05-27T19:00:00Z,2015-05-27T21:00:00+0200,2900,2081
2015-05-27T20:00:00Z,2015-05-27T22:00:00+0200,3120,2763
2015-05-27T21:00:00Z,2015-05-27T23:00:00+0200,3322,3126
2015-05-27T22:00:00Z,2015-05-28T00:00:00+0200,3142,2649
2015-05-27T23:00:00Z,2015-05-28T01:00:00+0200,3101,3437
2015-05-28T00:00:00Z,2015-05-28T02:00:00+0200,3314,3777
2015-05-28T01:00:00Z,2015-05-28T03:00:00+0200,2494,4261
2015-05-28T02:00:00Z,2015-05-28T04:00:00+0200,2992,3807
2015-05-28T03:00:00Z,2015-05-28T05:00:00+0200,2742,3751
2015-05-28T04:00:00Z,2015-05-28T06:00:00+0200,2780,3514
2015-05-28T05:00:00Z,2015-05-28T07:00:00+0200,2684,2895
2015-05-28T06:00:00Z,2015-05-28T08:00:00+0200,2851,3595
2015-05-28T07:00:00Z,2015-05-28T09:00:00+0200,2732,4025
2015-05-28T08:00:00Z,2015-05-28T10:00:00+0200,2594,3597
2015-05-28T09:00:00Z,2015-05-28T11:00:00+0200,2410,4577
2015-05-28T10:00:00Z,2015-05-28T12:00:00+0200,2122,4613
2015-05-28T11:00:00Z,2015-05-28T13:00:00+0200,2176,4786
2015-05-28T12:00:00Z,2015-05-28T14:00:00+0200,1776,4996
2015-05-28T13:00:00Z,2015-05-28T15:00:00+0200,1574,4999
2015-05-28T14:00:00Z,2015-05-28T16:00:00+0200,1602,4942
2015-05-28T15:00:00Z,2015-05-28T17:00:00+0200,1660,5037
2015-05-28T16:00:00Z,2015-05-28T18:00:00+0200,1704,3988
2015-05-28T17:00:00Z,2015-05-28T19:00:00+0200,1436,4283
2015-05-28T18:00:00Z,2015-05-28T20:00:00+0200,1292,3761
2015-05-28T19:00:00Z,2015-05-28T21:00:00+0200,966,3251
2015-05-28T20:00:00Z,2015-05-28T22:00:00+0200,790,2706
2015-05-28T21:00:00Z,2015-05-28T23:00:00+0200,962,2328
2015-05-28T22:00:00Z,2015-05-29T00:00:00+0200,905,2139
2015-05-28T23:00:00Z,2015-05-29T01:00:00+0200,883,2363
2015-05-29T00:00:00Z,2015-05-29T02:00:00+0200,729,2132
2015-05-29T01:00:00Z,2015-05-29T03:00:00+0200,812,1785
2015-05-29T02:00:00Z,2015-05-29T04:00:00+0200,1242,1736
2015-05-29T03:00:00Z,2015-05-29T05:00:00+0200,766,1512
2015-05-29T04:00:00Z,2015-05-29T06:00:00+0200,745,1263
2015-05-29T05:00:00Z,2015-05-29T07:00:00+0200,807,1231
2015-05-29T06:00:00Z,2015-05-29T08:00:00+0200,1020,1295
2015-05-29T07:00:00Z,2015-05-29T09:00:00+0200,1292,1555
2015-05-29T08:00:00Z,2015-05-29T10:00:00+0200,1540,1856
2015-05-29T09:00:00Z,2015-05-29T11:00:00+0200,1784,2146
2015-05-29T10:00:00Z,2015-05-29T12:00:00+0200,1829,2375
2015-05-29T11:00:00Z,2015-05-29T13:00:00+0200,2238,2781
2015-05-29T12:00:00Z,2015-05-29T14:00:00+0200,2570,3162
2015-05-29T13:00:00Z,2015-05-29T15:00:00+0200,1351,2096
2015-05-29T14:00:00Z,2015-05-29T16:00:00+0200,2410,3471
2015-05-29T15:00:00Z,2015-05-29T17:00:00+0200,2438,3066
2015-05-29T16:00:00Z,2015-05-29T18:00:00+0200,1906,3374
2015-05-29T17:00:00Z,2015-05-29T19:00:00+0200,1680,3443
2015-05-29T18:00:00Z,2015-05-29T20:00:00+0200,1735,2832
2015-05-29T19:00:00Z,2015-05-29T21:00:00+0200,901,1476
2015-05-29T20:00:00Z,2015-05-29T22:00:00+0200,1674,2209
2015-05-29T21:00:00Z,2015-05-29T23:00:00+0200,2009,2042
2015-05-29T22:00:00Z,2015-05-30T00:00:00+0200,2124,2254
2015-05-29T23:00:00Z,2015-05-30T01:00:00+0200,1840,2186
2015-05-30T00:00:00Z,2015-05-30T02:00:00+0200,1870,2333
2015-05-30T01:00:00Z,2015-05-30T03:00:00+0200,1786,2301
2015-05-30T02:00:00Z,2015-05-30T04:00:00+0200,1645,2382
2015-05-30T03:00:00Z,2015-05-30T05:00:00+0200,1992,2423
2015-05-30T04:00:00Z,2015-05-30T06:00:00+0200,1805,2261
2015-05-30T05:00:00Z,2015-05-30T07:00:00+0200,1633,2137
2015-05-30T06:00:00Z,2015-05-30T08:00:00+0200,263,951
2015-05-30T07:00:00Z,2015-05-30T09:00:00+0200,1430,1515
2015-05-30T08:00:00Z,2015-05-30T10:00:00+0200,977,1907
2015-05-30T09:00:00Z,2015-05-30T11:00:00+0200,798,1607
2015-05-30T10:00:00Z,2015-05-30T12:00:00+0200,574,1808
2015-05-30T11:00:00Z,2015-05-30T13:00:00+0200,495,1640
2015-05-30T12:00:00Z,2015-05-30T14:00:00+0200,390,1663
2015-05-30T13:00:00Z,2015-05-30T15:00:00+0200,369,1534
2015-05-30T14:00:00Z,2015-05-30T16:00:00+0200,348,1469
2015-05-30T15:00:00Z,2015-05-30T17:00:00+0200,386,1303
2015-05-30T16:00:00Z,2015-05-30T18:00:00+0200,620,1069
2015-05-30T17:00:00Z,2015-05-30T19:00:00+0200,700,1201
2015-05-30T18:00:00Z,2015-05-30T20:00:00+0200,970,1128
2015-05-30T19:00:00Z,2015-05-30T21:00:00+0200,1059,1265
2015-05-30T20:00:00Z,2015-05-30T22:00:00+0200,1078,1298
2015-05-30T21:00:00Z,2015-05-30T23:00:00+0200,913,1526
2015-05-30T22:00:00Z,2015-05-31T00:00:00+0200,813,1544
2015-05-30T23:00:00Z,2015-05-31T01:00:00+0200,1416,2217
2015-05-31T00:00:00Z,2015-05-31T02:00:00+0200,1524,2584
2015-05-31T01:00:00Z,2015-05-31T03:00:00+0200,1714,2436
2015-05-31T02:00:00Z,2015-05-31T04:00:00+0200,1718,2894
2015-05-31T03:00:00Z,2015-05-31T05:00:00+0200,2078,2745
2015-05-31T04:00:00Z,2015-05-31T06:00:00+0200,2021,2548
2015-05-31T05:00:00Z,2015-05-31T07:00:00+0200,2440,3075
2015-05-31T06:00:00Z,2015-05-31T08:00:00+0200,3110,3312
2015-05-31T07:00:00Z,2015-05-31T09:00:00+0200,3198,3605
2015-05-31T08:00:00Z,2015-05-31T10:00:00+0200,3215,3542
2015-05-31T09:00:00Z,2015-05-31T11:00:00+0200,3195,4115
2015-05-31T10:00:00Z,2015-05-31T12:00:00+0200,3130,4685
2015-05-31T11:00:00Z,2015-05-31T13:00:00+0200,3112,4978
2015-05-31T12:00:00Z,2015-05-31T14:00:00+0200,3000,5087
2015-05-31T13:00:00Z,2015-05-31T15:00:00+0200,2962,4964
2015-05-31T14:00:00Z,2015-05-31T16:00:00+0200,2932,4787
2015-05-31T15:00:00Z,2015-05-31T17:00:00+0200,2868,4520
2015-05-31T16:00:00Z,2015-05-31T18:00:00+0200,2638,4179
2015-05-31T17:00:00Z,2015-05-31T19:00:00+0200,2214,4529
2015-05-31T18:00:00Z,2015-05-31T20:00:00+0200,2035,4211
2015-05-31T19:00:00Z,2015-05-31T21:00:00+0200,1890,3766
2015-05-31T20:00:00Z,2015-05-31T22:00:00+0200,2172,3382
2015-05-31T21:00:00Z,2015-05-31T23:00:00+0200,2284,3260
2015-05-31T22:00:00Z,2015-06-01T00:00:00+0200,2363,3279
2015-05-31T23:00:00Z,2015-06-01T01:00:00+0200,2390,3197
2015-06-01T00:00:00Z,2015-06-01T02:00:00+0200,2829,3119
2015-06-01T01:00:00Z,2015-06-01T03:00:00+0200,1982,3375
2015-06-01T02:00:00Z,2015-06-01T04:00:00+0200,2409,3848
2015-06-01T03:00:00Z,2015-06-01T05:00:00+0200,2264,2742
2015-06-01T04:00:00Z,2015-06-01T06:00:00+0200,1950,2948
2015-06-01T05:00:00Z,2015-06-01T07:00:00+0200,1838,3438
2015-06-01T06:00:00Z,2015-06-01T08:00:00+0200,1907,2915
2015-06-01T07:00:00Z,2015-06-01T09:00:00+0200,1868,3885
2015-06-01T08:00:00Z,2015-06-01T10:00:00+0200,1888,4227
2015-06-01T09:00:00Z,2015-06-01T11:00:00+0200,2090,3837
2015-06-01T10:00:00Z,2015-06-01T12:00:00+0200,2146,3909
2015-06-01T11:00:00Z,2015-06-01T13:00:00+0200,2592,4736
2015-06-01T12:00:00Z,2015-06-01T14:00:00+0200,2481,4757
2015-06-01T13:00:00Z,2015-06-01T15:00:00+0200,2659,4136
2015-06-01T14:00:00Z,2015-06-01T16:00:00+0200,3240,4793
2015-06-01T15:00:00Z,2015-06-01T17:00:00+0200,3292,4015
2015-06-01T16:00:00Z,2015-06-01T18:00:00+0200,3300,4104
2015-06-01T17:00:00Z,2015-06-01T19:00:00+0200,3300,5418
2015-06-01T18:00:00Z,2015-06-01T20:00:00+0200,3159,3444
2015-06-01T19:00:00Z,2015-06-01T21:00:00+0200,3470,5343
2015-06-01T20:00:00Z,2015-06-01T22:00:00+0200,3524,5265
2015-06-01T21:00:00Z,2015-06-01T23:00:00+0200,3392,5311
2015-06-01T22:00:00Z,2015-06-02T00:00:00+0200,1816,5110
2015-06-01T23:00:00Z,2015-06-02T01:00:00+0200,3433,4746
2015-06-02T00:00:00Z,2015-06-02T02:00:00+0200,3438,4578
2015-06-02T01:00:00Z,2015-06-02T03:00:00+0200,3384,4276
2015-06-02T02:00:00Z,2015-06-02T04:00:00+0200,3340,4220
2015-06-02T03:00:00Z,2015-06-02T05:00:00+0200,3352,4258
2015-06-02T04:00:00Z,2015-06-02T06:00:00+0200,3304,4241
2015-06-02T05:00:00Z,2015-06-02T07:00:00+0200,3172,4060
2015-06-02T06:00:00Z,2015-06-02T08:00:00+0200,3139,4346
2015-06-02T07:00:00Z,2015-06-02T09:00:00+0200,3274,4810
2015-06-02T08:00:00Z,2015-06-02T10:00:00+0200,3251,4794
2015-06-02T09:00:00Z,2015-06-02T11:00:00+0200,3100,4898
2015-06-02T10:00:00Z,2015-06-02T12:00:00+0200,3090,5171
2015-06-02T11:00:00Z,2015-06-02T13:00:00+0200,3428,5236
2015-06-02T12:00:00Z,2015-06-02T14:00:00+0200,3254,4462
2015-06-02T13:00:00Z,2015-06-02T15:00:00+0200,3490,5092
2015-06-02T14:00:00Z,2015-06-02T16:00:00+0200,3430,4387
2015-06-02T15:00:00Z,2015-06-02T17:00:00+0200,3604,5189
2015-06-02T16:00:00Z,2015-06-02T18:00:00+0200,3578,5005
2015-06-02T17:00:00Z,2015-06-02T19:00:00+0200,3436,4507
2015-06-02T18:00:00Z,2015-06-02T20:00:00+0200,3382,4361
2015-06-02T19:00:00Z,2015-06-02T21:00:00+0200,3498,4383
2015-06-02T20:00:00Z,2015-06-02T22:00:00+0200,3296,3166
2015-06-02T21:00:00Z,2015-06-02T23:00:00+0200,1698,1674
2015-06-02T22:00:00Z,2015-06-03T00:00:00+0200,3088,2607
2015-06-02T23:00:00Z,2015-06-03T01:00:00+0200,3110,3155
2015-06-03T00:00:00Z,2015-06-03T02:00:00+0200,2979,2863
2015-06-03T01:00:00Z,2015-06-03T03:00:00+0200,2872,2434
2015-06-03T02:00:00Z,2015-06-03T04:00:00+0200,2915,2356
2015-06-03T03:00:00Z,2015-06-03T05:00:00+0200,2197,2612
2015-06-03T04:00:00Z,2015-06-03T06:00:00+0200,1881,2478
2015-06-03T05:00:00Z,2015-06-03T07:00:00+0200,2784,1984
2015-06-03T06:00:00Z,2015-06-03T08:00:00+0200,2552,2514
2015-06-03T07:00:00Z,2015-06-03T09:00:00+0200,2006,2810
2015-06-03T08:00:00Z,2015-06-03T10:00:00+0200,1780,2416
2015-06-03T09:00:00Z,2015-06-03T11:00:00+0200,1298,2888
2015-06-03T10:00:00Z,2015-06-03T12:00:00+0200,1139,2435
2015-06-03T11:00:00Z,2015-06-03T13:00:00+0200,782,2522
2015-06-03T12:00:00Z,2015-06-03T14:00:00+0200,792,2445
2015-06-03T13:00:00Z,2015-06-03T15:00:00+0200,702,2581
2015-06-03T14:00:00Z,2015-06-03T16:00:00+0200,543,2538
2015-06-03T15:00:00Z,2015-06-03T17:00:00+0200,487,2239
2015-06-03T16:00:00Z,2015-06-03T18:00:00+0200,490,1829
2015-06-03T17:00:00Z,2015-06-03T19:00:00+0200,429,1874
2015-06-03T18:00:00Z,2015-06-03T20:00:00+0200,485,1588
2015-06-03T19:00:00Z,2015-06-03T21:00:00+0200,470,1106
2015-06-03T20:00:00Z,2015-06-03T22:00:00+0200,488,813
2015-06-03T21:00:00Z,2015-06-03T23:00:00+0200,461,679
2015-06-03T22:00:00Z,2015-06-04T00:00:00+0200,492,654
2015-06-03T23:00:00Z,2015-06-04T01:00:00+0200,412,657
2015-06-04T00:00:00Z,2015-06-04T02:00:00+0200,272,589
2015-06-04T01:00:00Z,2015-06-04T03:00:00+0200,276,587
2015-06-04T02:00:00Z,2015-06-04T04:00:00+0200,271,700
2015-06-04T03:00:00Z,2015-06-04T05:00:00+0200,181,521
2015-06-04T04:00:00Z,2015-06-04T06:00:00+0200,213,537
2015-06-04T05:00:00Z,2015-06-04T07:00:00+0200,248,436
2015-06-04T06:00:00Z,2015-06-04T08:00:00+0200,288,441
2015-06-04T07:00:00Z,2015-06-04T09:00:00+0200,296,353
2015-06-04T08:00:00Z,2015-06-04T10:00:00+0200,276,470
2015-06-04T09:00:00Z,2015-06-04T11:00:00+0200,507,658
2015-06-04T10:00:00Z,2015-06-04T12:00:00+0200,274,621
2015-06-04T11:00:00Z,2015-06-04T13:00:00+0200,461,874
2015-06-04T12:00:00Z,2015-06-04T14:00:00+0200,506,1015
2015-06-04T13:00:00Z,2015-06-04T15:00:00+0200,936,953
2015-06-04T14:00:00Z,2015-06-04T16:00:00+0200,1038,1048
2015-06-04T15:00:00Z,2015-06-04T17:00:00+0200,1252,1098
2015-06-04T16:00:00Z,2015-06-04T18:00:00+0200,1271,955
2015-06-04T17:00:00Z,2015-06-04T19:00:00+0200,1563,1098
2015-06-04T18:00:00Z,2015-06-04T20:00:00+0200,1618,905
2015-06-04T19:00:00Z,2015-06-04T21:00:00+0200,1590,1046
2015-06-04T20:00:00Z,2015-06-04T22:00:00+0200,1528,1076
2015-06-04T21:00:00Z,2015-06-04T23:00:00+0200,736,592
2015-06-04T22:00:00Z,2015-06-05T00:00:00+0200,611,614
2015-06-04T23:00:00Z,2015-06-05T01:00:00+0200,1278,1157
2015-06-05T00:00:00Z,2015-06-05T02:00:00+0200,1292,1285
2015-06-05T01:00:00Z,2015-06-05T03:00:00+0200,1536,1353
2015-06-05T02:00:00Z,2015-06-05T04:00:00+0200,1374,1475
2015-06-05T03:00:00Z,2015-06-05T05:00:00+0200,1163,1597
2015-06-05T04:00:00Z,2015-06-05T06:00:00+0200,1488,1853
2015-06-05T05:00:00Z,2015-06-05T07:00:00+0200,1140,1298
2015-06-05T06:00:00Z,2015-06-05T08:00:00+0200,607,894
2015-06-05T07:00:00Z,2015-06-05T09:00:00+0200,1415,1983
2015-06-05T08:00:00Z,2015-06-05T10:00:00+0200,1296,2298
2015-06-05T09:00:00Z,2015-06-05T11:00:00+0200,1239,2527
2015-06-05T10:00:00Z,2015-06-05T12:00:00+0200,1601,2914
2015-06-05T11:00:00Z,2015-06-05T13:00:00+0200,1866,3156
2015-06-05T12:00:00Z,2015-06-05T14:00:00+0200,1778,3187
2015-06-05T13:00:00Z,2015-06-05T15:00:00+0200,1551,3357
2015-06-05T14:00:00Z,2015-06-05T16:00:00+0200,1576,3706
2015-06-05T15:00:00Z,2015-06-05T17:00:00+0200,1670,3875
2015-06-05T16:00:00Z,2015-06-05T18:00:00+0200,1955,3518
2015-06-05T17:00:00Z,2015-06-05T19:00:00+0200,2178,4006
2015-06-05T18:00:00Z,2015-06-05T20:00:00+0200,1984,3448
2015-06-05T19:00:00Z,2015-06-05T21:00:00+0200,2400,3623
2015-06-05T20:00:00Z,2015-06-05T22:00:00+0200,2572,3583
2015-06-05T21:00:00Z,2015-06-05T23:00:00+0200,2656,3709
2015-06-05T22:00:00Z,2015-06-06T00:00:00+0200,2842,3775
2015-06-05T23:00:00Z,2015-06-06T01:00:00+0200,2850,3590
2015-06-06T00:00:00Z,2015-06-06T02:00:00+0200,2869,3446
2015-06-06T01:00:00Z,2015-06-06T03:00:00+0200,2842,4154
2015-06-06T02:00:00Z,2015-06-06T04:00:00+0200,2660,4139
2015-06-06T03:00:00Z,2015-06-06T05:00:00+0200,2815,3255
2015-06-06T04:00:00Z,2015-06-06T06:00:00+0200,2676,4061
2015-06-06T05:00:00Z,2015-06-06T07:00:00+0200,2702,3480
2015-06-06T06:00:00Z,2015-06-06T08:00:00+0200,1368,1666
2015-06-06T07:00:00Z,2015-06-06T09:00:00+0200,1429,1809
2015-06-06T08:00:00Z,2015-06-06T10:00:00+0200,2761,2871
2015-06-06T09:00:00Z,2015-06-06T11:00:00+0200,2698,5137
2015-06-06T10:00:00Z,2015-06-06T12:00:00+0200,2756,4327
2015-06-06T11:00:00Z,2015-06-06T13:00:00+0200,2589,5214
2015-06-06T12:00:00Z,2015-06-06T14:00:00+0200,2690,5080
2015-06-06T13:00:00Z,2015-06-06T15:00:00+0200,2754,5144
2015-06-06T14:00:00Z,2015-06-06T16:00:00+0200,2702,4894
2015-06-06T15:00:00Z,2015-06-06T17:00:00+0200,2244,3469
2015-06-06T16:00:00Z,2015-06-06T18:00:00+0200,2603,3030
2015-06-06T17:00:00Z,2015-06-06T19:00:00+0200,2817,4217
2015-06-06T18:00:00Z,2015-06-06T20:00:00+0200,2766,4025
2015-06-06T19:00:00Z,2015-06-06T21:00:00+0200,2240,4205
2015-06-06T20:00:00Z,2015-06-06T22:00:00+0200,2209,3370
2015-06-06T21:00:00Z,2015-06-06T23:00:00+0200,2017,3130
2015-06-06T22:00:00Z,2015-06-07T00:00:00+0200,1942,3065
2015-06-06T23:00:00Z,2015-06-07T01:00:00+0200,1867,3193
2015-06-07T00:00:00Z,2015-06-07T02:00:00+0200,1944,3006
2015-06-07T01:00:00Z,2015-06-07T03:00:00+0200,1682,2858
2015-06-07T02:00:00Z,2015-06-07T04:00:00+0200,740,3001
2015-06-07T03:00:00Z,2015-06-07T05:00:00+0200,1724,2693
2015-06-07T04:00:00Z,2015-06-07T06:00:00+0200,965,2911
2015-06-07T05:00:00Z,2015-06-07T07:00:00+0200,1170,2612
2015-06-07T06:00:00Z,2015-06-07T08:00:00+0200,884,2927
2015-06-07T07:00:00Z,2015-06-07T09:00:00+0200,698,2724
2015-06-07T08:00:00Z,2015-06-07T10:00:00+0200,784,3174
2015-06-07T09:00:00Z,2015-06-07T11:00:00+0200,315,1800
2015-06-07T10:00:00Z,2015-06-07T12:00:00+0200,50,416
2015-06-07T11:00:00Z,2015-06-07T13:00:00+0200,465,1821
2015-06-07T12:00:00Z,2015-06-07T14:00:00+0200,292,1862
2015-06-07T13:00:00Z,2015-06-07T15:00:00+0200,368,3141
2015-06-07T14:00:00Z,2015-06-07T16:00:00+0200,550,2422
2015-06-07T15:00:00Z,2015-06-07T17:00:00+0200,384,2068
2015-06-07T16:00:00Z,2015-06-07T18:00:00+0200,554,2156
2015-06-07T17:00:00Z,2015-06-07T19:00:00+0200,444,1688
2015-06-07T18:00:00Z,2015-06-07T20:00:00+0200,543,1831
2015-06-07T19:00:00Z,2015-06-07T21:00:00+0200,547,1517
2015-06-07T20:00:00Z,2015-06-07T22:00:00+0200,283,719
2015-06-07T21:00:00Z,2015-06-07T23:00:00+0200,377,986
2015-06-07T22:00:00Z,2015-06-08T00:00:00+0200,402,842
2015-06-07T23:00:00Z,2015-06-08T01:00:00+0200,444,959
2015-06-08T00:00:00Z,2015-06-08T02:00:00+0200,435,789
2015-06-08T01:00:00Z,2015-06-08T03:00:00+0200,423,752
2015-06-08T02:00:00Z,2015-06-08T04:00:00+0200,430,718
2015-06-08T03:00:00Z,2015-06-08T05:00:00+0200,1262,766
2015-06-08T04:00:00Z,2015-06-08T06:00:00+0200,588,656
2015-06-08T05:00:00Z,2015-06-08T07:00:00+0200,670,637
2015-06-08T06:00:00Z,2015-06-08T08:00:00+0200,902,692
2015-06-08T07:00:00Z,2015-06-08T09:00:00+0200,1422,832
2015-06-08T08:00:00Z,2015-06-08T10:00:00+0200,760,719
2015-06-08T09:00:00Z,2015-06-08T11:00:00+0200,1350,745
2015-06-08T10:00:00Z,2015-06-08T12:00:00+0200,367,322
2015-06-08T11:00:00Z,2015-06-08T13:00:00+0200,849,614
2015-06-08T12:00:00Z,2015-06-08T14:00:00+0200,1240,895
2015-06-08T13:00:00Z,2015-06-08T15:00:00+0200,1534,833
2015-06-08T14:00:00Z,2015-06-08T16:00:00+0200,903,836
2015-06-08T15:00:00Z,2015-06-08T17:00:00+0200,1010,667
2015-06-08T16:00:00Z,2015-06-08T18:00:00+0200,2019,918
2015-06-08T17:00:00Z,2015-06-08T19:00:00+0200,915,1011
2015-06-08T18:00:00Z,2015-06-08T20:00:00+0200,1862,846
2015-06-08T19:00:00Z,2015-06-08T21:00:00+0200,2019,717
2015-06-08T20:00:00Z,2015-06-08T22:00:00+0200,1972,870
2015-06-08T21:00:00Z,2015-06-08T23:00:00+0200,1849,787
2015-06-08T22:00:00Z,2015-06-09T00:00:00+0200,1729,882
2015-06-08T23:00:00Z,2015-06-09T01:00:00+0200,1822,541
2015-06-09T00:00:00Z,2015-06-09T02:00:00+0200,1786,551
2015-06-09T01:00:00Z,2015-06-09T03:00:00+0200,1725,491
2015-06-09T02:00:00Z,2015-06-09T04:00:00+0200,1703,459
2015-06-09T03:00:00Z,2015-06-09T05:00:00+0200,1884,443
2015-06-09T04:00:00Z,2015-06-09T06:00:00+0200,1912,466
2015-06-09T05:00:00Z,2015-06-09T07:00:00+0200,2061,502
2015-06-09T06:00:00Z,2015-06-09T08:00:00+0200,2096,582
2015-06-09T07:00:00Z,2015-06-09T09:00:00+0200,1982,673
2015-06-09T08:00:00Z,2015-06-09T10:00:00+0200,1934,772
2015-06-09T09:00:00Z,2015-06-09T11:00:00+0200,2011,820
2015-06-09T10:00:00Z,2015-06-09T12:00:00+0200,1940,878
2015-06-09T11:00:00Z,2015-06-09T13:00:00+0200,1990,959
2015-06-09T12:00:00Z,2015-06-09T14:00:00+0200,1950,992
2015-06-09T13:00:00Z,2015-06-09T15:00:00+0200,1884,1025
2015-06-09T14:00:00Z,2015-06-09T16:00:00+0200,1864,1060
2015-06-09T15:00:00Z,2015-06-09T17:00:00+0200,1839,1060
2015-06-09T16:00:00Z,2015-06-09T18:00:00+0200,1904,1077
2015-06-09T17:00:00Z,2015-06-09T19:00:00+0200,1916,1056
2015-06-09T18:00:00Z,2015-06-09T20:00:00+0200,1855,1036
2015-06-09T19:00:00Z,2015-06-09T21:00:00+0200,1841,1003
2015-06-09T20:00:00Z,2015-06-09T22:00:00+0200,1850,931
2015-06-09T21:00:00Z,2015-06-09T23:00:00+0200,1758,852
2015-06-09T22:00:00Z,2015-06-10T00:00:00+0200,1609,935
2015-06-09T23:00:00Z,2015-06-10T01:00:00+0200,1528,727
2015-06-10T00:00:00Z,2015-06-10T02:00:00+0200,1342,653
2015-06-10T01:00:00Z,2015-06-10T03:00:00+0200,1254,655
2015-06-10T02:00:00Z,2015-06-10T04:00:00+0200,1288,641
2015-06-10T03:00:00Z,2015-06-10T05:00:00+0200,1235,603
2015-06-10T04:00:00Z,2015-06-10T06:00:00+0200,1166,604
2015-06-10T05:00:00Z,2015-06-10T07:00:00+0200,1190,624
2015-06-10T06:00:00Z,2015-06-10T08:00:00+0200,1196,665
2015-06-10T07:00:00Z,2015-06-10T09:00:00+0200,1309,697
2015-06-10T08:00:00Z,2015-06-10T10:00:00+0200,1560,841
2015-06-10T09:00:00Z,2015-06-10T11:00:00+0200,1418,736
2015-06-10T10:00:00Z,2015-06-10T12:00:00+0200,1394,748
2015-06-10T11:00:00Z,2015-06-10T13:00:00+0200,1556,753
2015-06-10T12:00:00Z,2015-06-10T14:00:00+0200,1658,786
2015-06-10T13:00:00Z,2015-06-10T15:00:00+0200,1561,925
2015-06-10T14:00:00Z,2015-06-10T16:00:00+0200,1717,895
2015-06-10T15:00:00Z,2015-06-10T17:00:00+0200,1742,955
2015-06-10T16:00:00Z,2015-06-10T18:00:00+0200,1742,961
2015-06-10T17:00:00Z,2015-06-10T19:00:00+0200,1746,995
2015-06-10T18:00:00Z,2015-06-10T20:00:00+0200,1677,1073
2015-06-10T19:00:00Z,2015-06-10T21:00:00+0200,1666,897
2015-06-10T20:00:00Z,2015-06-10T22:00:00+0200,1735,815
2015-06-10T21:00:00Z,2015-06-10T23:00:00+0200,1789,673
2015-06-10T22:00:00Z,2015-06-11T00:00:00+0200,1778,765
2015-06-10T23:00:00Z,2015-06-11T01:00:00+0200,1721,666
2015-06-11T00:00:00Z,2015-06-11T02:00:00+0200,1690,714
2015-06-11T01:00:00Z,2015-06-11T03:00:00+0200,1614,716
2015-06-11T02:00:00Z,2015-06-11T04:00:00+0200,1534,720
2015-06-11T03:00:00Z,2015-06-11T05:00:00+0200,1557,687
2015-06-11T04:00:00Z,2015-06-11T06:00:00+0200,1570,689
2015-06-11T05:00:00Z,2015-06-11T07:00:00+0200,1586,664
2015-06-11T06:00:00Z,2015-06-11T08:00:00+0200,1460,745
2015-06-11T07:00:00Z,2015-06-11T09:00:00+0200,1321,598
2015-06-11T08:00:00Z,2015-06-11T10:00:00+0200,981,652
2015-06-11T09:00:00Z,2015-06-11T11:00:00+0200,926,740
2015-06-11T10:00:00Z,2015-06-11T12:00:00+0200,984,847
2015-06-11T11:00:00Z,2015-06-11T13:00:00+0200,1191,966
2015-06-11T12:00:00Z,2015-06-11T14:00:00+0200,1324,1001
2015-06-11T13:00:00Z,2015-06-11T15:00:00+0200,1465,995
2015-06-11T14:00:00Z,2015-06-11T16:00:00+0200,1505,1043
2015-06-11T15:00:00Z,2015-06-11T17:00:00+0200,1656,915
2015-06-11T16:00:00Z,2015-06-11T18:00:00+0200,1760,905
2015-06-11T17:00:00Z,2015-06-11T19:00:00+0200,1804,888
2015-06-11T18:00:00Z,2015-06-11T20:00:00+0200,1748,787
2015-06-11T19:00:00Z,2015-06-11T21:00:00+0200,1660,699
2015-06-11T20:00:00Z,2015-06-11T22:00:00+0200,1644,644
2015-06-11T21:00:00Z,2015-06-11T23:00:00+0200,1630,643
2015-06-11T22:00:00Z,2015-06-12T00:00:00+0200,1622,588
2015-06-11T23:00:00Z,2015-06-12T01:00:00+0200,1506,639
2015-06-12T00:00:00Z,2015-06-12T02:00:00+0200,1417,541
2015-06-12T01:00:00Z,2015-06-12T03:00:00+0200,1337,665
2015-06-12T02:00:00Z,2015-06-12T04:00:00+0200,1410,482
2015-06-12T03:00:00Z,2015-06-12T05:00:00+0200,1396,458
2015-06-12T04:00:00Z,2015-06-12T06:00:00+0200,1200,460
2015-06-12T05:00:00Z,2015-06-12T07:00:00+0200,904,420
2015-06-12T06:00:00Z,2015-06-12T08:00:00+0200,790,396
2015-06-12T07:00:00Z,2015-06-12T09:00:00+0200,642,363
2015-06-12T08:00:00Z,2015-06-12T10:00:00+0200,546,389
2015-06-12T09:00:00Z,2015-06-12T11:00:00+0200,448,414
2015-06-12T10:00:00Z,2015-06-12T12:00:00+0200,394,461
2015-06-12T11:00:00Z,2015-06-12T13:00:00+0200,501,564
2015-06-12T12:00:00Z,2015-06-12T14:00:00+0200,403,562
2015-06-12T13:00:00Z,2015-06-12T15:00:00+0200,281,554
2015-06-12T14:00:00Z,2015-06-12T16:00:00+0200,709,741
2015-06-12T15:00:00Z,2015-06-12T17:00:00+0200,822,827
2015-06-12T16:00:00Z,2015-06-12T18:00:00+0200,846,908
2015-06-12T17:00:00Z,2015-06-12T19:00:00+0200,782,745
2015-06-12T18:00:00Z,2015-06-12T20:00:00+0200,790,885
2015-06-12T19:00:00Z,2015-06-12T21:00:00+0200,692,808
2015-06-12T20:00:00Z,2015-06-12T22:00:00+0200,662,739
2015-06-12T21:00:00Z,2015-06-12T23:00:00+0200,499,685
2015-06-12T22:00:00Z,2015-06-13T00:00:00+0200,512,760
2015-06-12T23:00:00Z,2015-06-13T01:00:00+0200,644,785
2015-06-13T00:00:00Z,2015-06-13T02:00:00+0200,444,822
2015-06-13T01:00:00Z,2015-06-13T03:00:00+0200,594,822
2015-06-13T02:00:00Z,2015-06-13T04:00:00+0200,723,859
2015-06-13T03:00:00Z,2015-06-13T05:00:00+0200,1511,797
2015-06-13T04:00:00Z,2015-06-13T06:00:00+0200,1506,776
2015-06-13T05:00:00Z,2015-06-13T07:00:00+0200,1888,761
2015-06-13T06:00:00Z,2015-06-13T08:00:00+0200,1775,811
2015-06-13T07:00:00Z,2015-06-13T09:00:00+0200,1719,856
2015-06-13T08:00:00Z,2015-06-13T10:00:00+0200,1494,904
2015-06-13T09:00:00Z,2015-06-13T11:00:00+0200,1829,772
2015-06-13T10:00:00Z,2015-06-13T12:00:00+0200,1700,801
2015-06-13T11:00:00Z,2015-06-13T13:00:00+0200,997,826
2015-06-13T12:00:00Z,2015-06-13T14:00:00+0200,1633,855
2015-06-13T13:00:00Z,2015-06-13T15:00:00+0200,1508,906
2015-06-13T14:00:00Z,2015-06-13T16:00:00+0200,1334,1045
2015-06-13T15:00:00Z,2015-06-13T17:00:00+0200,982,1042
2015-06-13T16:00:00Z,2015-06-13T18:00:00+0200,649,1070
2015-06-13T17:00:00Z,2015-06-13T19:00:00+0200,417,1037
2015-06-13T18:00:00Z,2015-06-13T20:00:00+0200,407,1063
2015-06-13T19:00:00Z,2015-06-13T21:00:00+0200,354,914
2015-06-13T20:00:00Z,2015-06-13T22:00:00+0200,395,924
2015-06-13T21:00:00Z,2015-06-13T23:00:00+0200,190,594
2015-06-13T22:00:00Z,2015-06-14T00:00:00+0200,340,770
2015-06-13T23:00:00Z,2015-06-14T01:00:00+0200,341,739
2015-06-14T00:00:00Z,2015-06-14T02:00:00+0200,304,844
2015-06-14T01:00:00Z,2015-06-14T03:00:00+0200,222,848
2015-06-14T02:00:00Z,2015-06-14T04:00:00+0200,208,923
2015-06-14T03:00:00Z,2015-06-14T05:00:00+0200,172,954
2015-06-14T04:00:00Z,2015-06-14T06:00:00+0200,114,742
2015-06-14T05:00:00Z,2015-06-14T07:00:00+0200,224,1091
2015-06-14T06:00:00Z,2015-06-14T08:00:00+0200,253,1150
2015-06-14T07:00:00Z,2015-06-14T09:00:00+0200,346,1143
2015-06-14T08:00:00Z,2015-06-14T10:00:00+0200,324,1163
2015-06-14T09:00:00Z,2015-06-14T11:00:00+0200,341,1151
2015-06-14T10:00:00Z,2015-06-14T12:00:00+0200,351,1109
2015-06-14T11:00:00Z,2015-06-14T13:00:00+0200,430,1050
2015-06-14T12:00:00Z,2015-06-14T14:00:00+0200,564,1061
2015-06-14T13:00:00Z,2015-06-14T15:00:00+0200,703,1092
2015-06-14T14:00:00Z,2015-06-14T16:00:00+0200,870,1050
2015-06-14T15:00:00Z,2015-06-14T17:00:00+0200,1070,1060
2015-06-14T16:00:00Z,2015-06-14T18:00:00+0200,942,916
2015-06-14T17:00:00Z,2015-06-14T19:00:00+0200,990,932
2015-06-14T18:00:00Z,2015-06-14T20:00:00+0200,832,659
2015-06-14T19:00:00Z,2015-06-14T21:00:00+0200,814,678
2015-06-14T20:00:00Z,2015-06-14T22:00:00+0200,758,620
2015-06-14T21:00:00Z,2015-06-14T23:00:00+0200,384,540
2015-06-14T22:00:00Z,2015-06-15T00:00:00+0200,825,654
2015-06-14T23:00:00Z,2015-06-15T01:00:00+0200,1230,575
2015-06-15T00:00:00Z,2015-06-15T02:00:00+0200,1424,542
2015-06-15T01:00:00Z,2015-06-15T03:00:00+0200,1225,397
2015-06-15T02:00:00Z,2015-06-15T04:00:00+0200,1088,328
2015-06-15T03:00:00Z,2015-06-15T05:00:00+0200,739,317
2015-06-15T04:00:00Z,2015-06-15T06:00:00+0200,1408,343
2015-06-15T05:00:00Z,2015-06-15T07:00:00+0200,1276,433
2015-06-15T06:00:00Z,2015-06-15T08:00:00+0200,1151,515
2015-06-15T07:00:00Z,2015-06-15T09:00:00+0200,595,369
2015-06-15T08:00:00Z,2015-06-15T10:00:00+0200,958,419
2015-06-15T09:00:00Z,2015-06-15T11:00:00+0200,780,335
2015-06-15T10:00:00Z,2015-06-15T12:00:00+0200,578,373
2015-06-15T11:00:00Z,2015-06-15T13:00:00+0200,506,309
2015-06-15T12:00:00Z,2015-06-15T14:00:00+0200,394,366
2015-06-15T13:00:00Z,2015-06-15T15:00:00+0200,359,366
2015-06-15T14:00:00Z,2015-06-15T16:00:00+0200,430,390
2015-06-15T15:00:00Z,2015-06-15T17:00:00+0200,468,397
2015-06-15T16:00:00Z,2015-06-15T18:00:00+0200,198,371
2015-06-15T17:00:00Z,2015-06-15T19:00:00+0200,510,423
2015-06-15T18:00:00Z,2015-06-15T20:00:00+0200,548,370
2015-06-15T19:00:00Z,2015-06-15T21:00:00+0200,542,359
2015-06-15T20:00:00Z,2015-06-15T22:00:00+0200,433,380
2015-06-15T21:00:00Z,2015-06-15T23:00:00+0200,380,303
2015-06-15T22:00:00Z,2015-06-16T00:00:00+0200,152,238
2015-06-15T23:00:00Z,2015-06-16T01:00:00+0200,198,275
2015-06-16T00:00:00Z,2015-06-16T02:00:00+0200,240,341
2015-06-16T01:00:00Z,2015-06-16T03:00:00+0200,234,373
2015-06-16T02:00:00Z,2015-06-16T04:00:00+0200,206,381
2015-06-16T03:00:00Z,2015-06-16T05:00:00+0200,196,405
2015-06-16T04:00:00Z,2015-06-16T06:00:00+0200,188,418
2015-06-16T05:00:00Z,2015-06-16T07:00:00+0200,200,426
2015-06-16T06:00:00Z,2015-06-16T08:00:00+0200,202,463
2015-06-16T07:00:00Z,2015-06-16T09:00:00+0200,182,500
2015-06-16T08:00:00Z,2015-06-16T10:00:00+0200,183,627
2015-06-16T09:00:00Z,2015-06-16T11:00:00+0200,162,731
2015-06-16T10:00:00Z,2015-06-16T12:00:00+0200,170,940
2015-06-16T11:00:00Z,2015-06-16T13:00:00+0200,162,1149
2015-06-16T12:00:00Z,2015-06-16T14:00:00+0200,134,1373
2015-06-16T13:00:00Z,2015-06-16T15:00:00+0200,130,1644
2015-06-16T14:00:00Z,2015-06-16T16:00:00+0200,160,1972
2015-06-16T15:00:00Z,2015-06-16T17:00:00+0200,296,2267
2015-06-16T16:00:00Z,2015-06-16T18:00:00+0200,396,2290
2015-06-16T17:00:00Z,2015-06-16T19:00:00+0200,512,2046
2015-06-16T18:00:00Z,2015-06-16T20:00:00+0200,612,2282
2015-06-16T19:00:00Z,2015-06-16T21:00:00+0200,796,2368
2015-06-16T20:00:00Z,2015-06-16T22:00:00+0200,950,2717
2015-06-16T21:00:00Z,2015-06-16T23:00:00+0200,1122,2600
2015-06-16T22:00:00Z,2015-06-17T00:00:00+0200,1282,2655
2015-06-16T23:00:00Z,2015-06-17T01:00:00+0200,1384,2619
2015-06-17T00:00:00Z,2015-06-17T02:00:00+0200,1492,2635
2015-06-17T01:00:00Z,2015-06-17T03:00:00+0200,1486,2892
2015-06-17T02:00:00Z,2015-06-17T04:00:00+0200,1427,3053
2015-06-17T03:00:00Z,2015-06-17T05:00:00+0200,1446,2864
2015-06-17T04:00:00Z,2015-06-17T06:00:00+0200,1554,2775
2015-06-17T05:00:00Z,2015-06-17T07:00:00+0200,1471,2875
2015-06-17T06:00:00Z,2015-06-17T08:00:00+0200,1288,3448
2015-06-17T07:00:00Z,2015-06-17T09:00:00+0200,1261,4158
2015-06-17T08:00:00Z,2015-06-17T10:00:00+0200,1653,4450
2015-06-17T09:00:00Z,2015-06-17T11:00:00+0200,1054,4383
2015-06-17T10:00:00Z,2015-06-17T12:00:00+0200,547,3152
2015-06-17T11:00:00Z,2015-06-17T13:00:00+0200,1332,4353
2015-06-17T12:00:00Z,2015-06-17T14:00:00+0200,1508,4505
2015-06-17T13:00:00Z,2015-06-17T15:00:00+0200,1624,4569
2015-06-17T14:00:00Z,2015-06-17T16:00:00+0200,1734,4590
2015-06-17T15:00:00Z,2015-06-17T17:00:00+0200,782,3449
2015-06-17T16:00:00Z,2015-06-17T18:00:00+0200,1692,4606
2015-06-17T17:00:00Z,2015-06-17T19:00:00+0200,1868,4522
2015-06-17T18:00:00Z,2015-06-17T20:00:00+0200,1921,4159
2015-06-17T19:00:00Z,2015-06-17T21:00:00+0200,1046,2640
2015-06-17T20:00:00Z,2015-06-17T22:00:00+0200,1895,3418
2015-06-17T21:00:00Z,2015-06-17T23:00:00+0200,1514,3379
2015-06-17T22:00:00Z,2015-06-18T00:00:00+0200,1561,3139
2015-06-17T23:00:00Z,2015-06-18T01:00:00+0200,1566,2945
2015-06-18T00:00:00Z,2015-06-18T02:00:00+0200,1352,2798
2015-06-18T01:00:00Z,2015-06-18T03:00:00+0200,1419,2399
2015-06-18T02:00:00Z,2015-06-18T04:00:00+0200,1315,2769
2015-06-18T03:00:00Z,2015-06-18T05:00:00+0200,1756,2257
2015-06-18T04:00:00Z,2015-06-18T06:00:00+0200,1554,2870
2015-06-18T05:00:00Z,2015-06-18T07:00:00+0200,1805,2892
2015-06-18T06:00:00Z,2015-06-18T08:00:00+0200,1808,2909
2015-06-18T07:00:00Z,2015-06-18T09:00:00+0200,1719,3008
2015-06-18T08:00:00Z,2015-06-18T10:00:00+0200,1318,3677
2015-06-18T09:00:00Z,2015-06-18T11:00:00+0200,647,2571
2015-06-18T10:00:00Z,2015-06-18T12:00:00+0200,973,3687
2015-06-18T11:00:00Z,2015-06-18T13:00:00+0200,730,3604
2015-06-18T12:00:00Z,2015-06-18T14:00:00+0200,636,3311
2015-06-18T13:00:00Z,2015-06-18T15:00:00+0200,456,3659
2015-06-18T14:00:00Z,2015-06-18T16:00:00+0200,526,3654
2015-06-18T15:00:00Z,2015-06-18T17:00:00+0200,793,2965
2015-06-18T16:00:00Z,2015-06-18T18:00:00+0200,774,3272
2015-06-18T17:00:00Z,2015-06-18T19:00:00+0200,768,3486
2015-06-18T18:00:00Z,2015-06-18T20:00:00+0200,641,3458
2015-06-18T19:00:00Z,2015-06-18T21:00:00+0200,668,2768
2015-06-18T20:00:00Z,2015-06-18T22:00:00+0200,339,1681
2015-06-18T21:00:00Z,2015-06-18T23:00:00+0200,631,2309
2015-06-18T22:00:00Z,2015-06-19T00:00:00+0200,309,1574
2015-06-18T23:00:00Z,2015-06-19T01:00:00+0200,984,2035
2015-06-19T00:00:00Z,2015-06-19T02:00:00+0200,1320,1898
2015-06-19T01:00:00Z,2015-06-19T03:00:00+0200,1369,1867
2015-06-19T02:00:00Z,2015-06-19T04:00:00+0200,986,1859
2015-06-19T03:00:00Z,2015-06-19T05:00:00+0200,829,1354
2015-06-19T04:00:00Z,2015-06-19T06:00:00+0200,1126,1935
2015-06-19T05:00:00Z,2015-06-19T07:00:00+0200,1558,1927
2015-06-19T06:00:00Z,2015-06-19T08:00:00+0200,1384,2172
2015-06-19T07:00:00Z,2015-06-19T09:00:00+0200,1274,1907
2015-06-19T08:00:00Z,2015-06-19T10:00:00+0200,527,1392
2015-06-19T09:00:00Z,2015-06-19T11:00:00+0200,410,1390
2015-06-19T10:00:00Z,2015-06-19T12:00:00+0200,375,1357
2015-06-19T11:00:00Z,2015-06-19T13:00:00+0200,692,1890
2015-06-19T12:00:00Z,2015-06-19T14:00:00+0200,647,1987
2015-06-19T13:00:00Z,2015-06-19T15:00:00+0200,500,1725
2015-06-19T14:00:00Z,2015-06-19T16:00:00+0200,497,1426
2015-06-19T15:00:00Z,2015-06-19T17:00:00+0200,478,1862
2015-06-19T16:00:00Z,2015-06-19T18:00:00+0200,180,1169
2015-06-19T17:00:00Z,2015-06-19T19:00:00+0200,378,1351
2015-06-19T18:00:00Z,2015-06-19T20:00:00+0200,391,1181
2015-06-19T19:00:00Z,2015-06-19T21:00:00+0200,298,918
2015-06-19T20:00:00Z,2015-06-19T22:00:00+0200,294,693
2015-06-19T21:00:00Z,2015-06-19T23:00:00+0200,344,564
2015-06-19T22:00:00Z,2015-06-20T00:00:00+0200,343,608
2015-06-19T23:00:00Z,2015-06-20T01:00:00+0200,208,407
2015-06-20T00:00:00Z,2015-06-20T02:00:00+0200,204,391
2015-06-20T01:00:00Z,2015-06-20T03:00:00+0200,98,323
2015-06-20T02:00:00Z,2015-06-20T04:00:00+0200,74,539
2015-06-20T03:00:00Z,2015-06-20T05:00:00+0200,107,530
2015-06-20T04:00:00Z,2015-06-20T06:00:00+0200,80,471
2015-06-20T05:00:00Z,2015-06-20T07:00:00+0200,52,448
2015-06-20T06:00:00Z,2015-06-20T08:00:00+0200,25,518
2015-06-20T07:00:00Z,2015-06-20T09:00:00+0200,20,607
2015-06-20T08:00:00Z,2015-06-20T10:00:00+0200,34,651
2015-06-20T09:00:00Z,2015-06-20T11:00:00+0200,116,717
2015-06-20T10:00:00Z,2015-06-20T12:00:00+0200,328,1012
2015-06-20T11:00:00Z,2015-06-20T13:00:00+0200,161,781
2015-06-20T12:00:00Z,2015-06-20T14:00:00+0200,256,1037
2015-06-20T13:00:00Z,2015-06-20T15:00:00+0200,179,872
2015-06-20T14:00:00Z,2015-06-20T16:00:00+0200,380,1208
2015-06-20T15:00:00Z,2015-06-20T17:00:00+0200,284,1281
2015-06-20T16:00:00Z,2015-06-20T18:00:00+0200,324,1321
2015-06-20T17:00:00Z,2015-06-20T19:00:00+0200,293,1075
2015-06-20T18:00:00Z,2015-06-20T20:00:00+0200,392,918
2015-06-20T19:00:00Z,2015-06-20T21:00:00+0200,370,936
2015-06-20T20:00:00Z,2015-06-20T22:00:00+0200,331,933
2015-06-20T21:00:00Z,2015-06-20T23:00:00+0200,514,909
2015-06-20T22:00:00Z,2015-06-21T00:00:00+0200,476,920
2015-06-20T23:00:00Z,2015-06-21T01:00:00+0200,888,1251
2015-06-21T00:00:00Z,2015-06-21T02:00:00+0200,860,1284
2015-06-21T01:00:00Z,2015-06-21T03:00:00+0200,709,1384
2015-06-21T02:00:00Z,2015-06-21T04:00:00+0200,804,1446
2015-06-21T03:00:00Z,2015-06-21T05:00:00+0200,1162,1543
2015-06-21T04:00:00Z,2015-06-21T06:00:00+0200,1300,1641
2015-06-21T05:00:00Z,2015-06-21T07:00:00+0200,1596,1834
2015-06-21T06:00:00Z,2015-06-21T08:00:00+0200,1630,2049
2015-06-21T07:00:00Z,2015-06-21T09:00:00+0200,860,1658
2015-06-21T08:00:00Z,2015-06-21T10:00:00+0200,1570,2457
2015-06-21T09:00:00Z,2015-06-21T11:00:00+0200,1630,2574
2015-06-21T10:00:00Z,2015-06-21T12:00:00+0200,1798,2710
2015-06-21T11:00:00Z,2015-06-21T13:00:00+0200,1871,2845
2015-06-21T12:00:00Z,2015-06-21T14:00:00+0200,1635,2915
2015-06-21T13:00:00Z,2015-06-21T15:00:00+0200,1449,2921
2015-06-21T14:00:00Z,2015-06-21T16:00:00+0200,1296,3038
2015-06-21T15:00:00Z,2015-06-21T17:00:00+0200,1565,2885
2015-06-21T16:00:00Z,2015-06-21T18:00:00+0200,1794,2808
2015-06-21T17:00:00Z,2015-06-21T19:00:00+0200,1710,2656
2015-06-21T18:00:00Z,2015-06-21T20:00:00+0200,1359,2623
2015-06-21T19:00:00Z,2015-06-21T21:00:00+0200,996,1937
2015-06-21T20:00:00Z,2015-06-21T22:00:00+0200,940,1600
2015-06-21T21:00:00Z,2015-06-21T23:00:00+0200,1129,1501
2015-06-21T22:00:00Z,2015-06-22T00:00:00+0200,1162,1364
2015-06-21T23:00:00Z,2015-06-22T01:00:00+0200,1213,1344
2015-06-22T00:00:00Z,2015-06-22T02:00:00+0200,734,1428
2015-06-22T01:00:00Z,2015-06-22T03:00:00+0200,1506,1494
2015-06-22T02:00:00Z,2015-06-22T04:00:00+0200,1676,1524
2015-06-22T03:00:00Z,2015-06-22T05:00:00+0200,1742,1547
2015-06-22T04:00:00Z,2015-06-22T06:00:00+0200,1770,1522
2015-06-22T05:00:00Z,2015-06-22T07:00:00+0200,1728,1580
2015-06-22T06:00:00Z,2015-06-22T08:00:00+0200,1597,1612
2015-06-22T07:00:00Z,2015-06-22T09:00:00+0200,1590,1724
2015-06-22T08:00:00Z,2015-06-22T10:00:00+0200,1574,1885
2015-06-22T09:00:00Z,2015-06-22T11:00:00+0200,1424,2051
2015-06-22T10:00:00Z,2015-06-22T12:00:00+0200,1106,2325
2015-06-22T11:00:00Z,2015-06-22T13:00:00+0200,1024,2402
2015-06-22T12:00:00Z,2015-06-22T14:00:00+0200,1198,2574
2015-06-22T13:00:00Z,2015-06-22T15:00:00+0200,1428,2531
2015-06-22T14:00:00Z,2015-06-22T16:00:00+0200,1326,2477
2015-06-22T15:00:00Z,2015-06-22T17:00:00+0200,803,1851
2015-06-22T16:00:00Z,2015-06-22T18:00:00+0200,1536,2364
2015-06-22T17:00:00Z,2015-06-22T19:00:00+0200,1689,2264
2015-06-22T18:00:00Z,2015-06-22T20:00:00+0200,1930,2113
2015-06-22T19:00:00Z,2015-06-22T21:00:00+0200,2154,1915
2015-06-22T20:00:00Z,2015-06-22T22:00:00+0200,2428,1614
2015-06-22T21:00:00Z,2015-06-22T23:00:00+0200,2363,1420
2015-06-22T22:00:00Z,2015-06-23T00:00:00+0200,2454,1283
2015-06-22T23:00:00Z,2015-06-23T01:00:00+0200,2380,1062
2015-06-23T00:00:00Z,2015-06-23T02:00:00+0200,2056,1180
2015-06-23T01:00:00Z,2015-06-23T03:00:00+0200,2280,897
2015-06-23T02:00:00Z,2015-06-23T04:00:00+0200,2302,795
2015-06-23T03:00:00Z,2015-06-23T05:00:00+0200,2128,717
2015-06-23T04:00:00Z,2015-06-23T06:00:00+0200,1796,638
2015-06-23T05:00:00Z,2015-06-23T07:00:00+0200,1764,537
2015-06-23T06:00:00Z,2015-06-23T08:00:00+0200,1805,468
2015-06-23T07:00:00Z,2015-06-23T09:00:00+0200,1676,405
2015-06-23T08:00:00Z,2015-06-23T10:00:00+0200,1654,401
2015-06-23T09:00:00Z,2015-06-23T11:00:00+0200,1439,386
2015-06-23T10:00:00Z,2015-06-23T12:00:00+0200,1130,382
2015-06-23T11:00:00Z,2015-06-23T13:00:00+0200,992,398
2015-06-23T12:00:00Z,2015-06-23T14:00:00+0200,882,450
2015-06-23T13:00:00Z,2015-06-23T15:00:00+0200,814,530
2015-06-23T14:00:00Z,2015-06-23T16:00:00+0200,671,572
2015-06-23T15:00:00Z,2015-06-23T17:00:00+0200,454,587
2015-06-23T16:00:00Z,2015-06-23T18:00:00+0200,170,593
2015-06-23T17:00:00Z,2015-06-23T19:00:00+0200,64,422
2015-06-23T18:00:00Z,2015-06-23T20:00:00+0200,62,505
2015-06-23T19:00:00Z,2015-06-23T21:00:00+0200,38,405
2015-06-23T20:00:00Z,2015-06-23T22:00:00+0200,11,326
2015-06-23T21:00:00Z,2015-06-23T23:00:00+0200,24,313
2015-06-23T22:00:00Z,2015-06-24T00:00:00+0200,68,352
2015-06-23T23:00:00Z,2015-06-24T01:00:00+0200,126,355
2015-06-24T00:00:00Z,2015-06-24T02:00:00+0200,226,353
2015-06-24T01:00:00Z,2015-06-24T03:00:00+0200,290,338
2015-06-24T02:00:00Z,2015-06-24T04:00:00+0200,394,307
2015-06-24T03:00:00Z,2015-06-24T05:00:00+0200,540,293
2015-06-24T04:00:00Z,2015-06-24T06:00:00+0200,637,337
2015-06-24T05:00:00Z,2015-06-24T07:00:00+0200,670,351
2015-06-24T06:00:00Z,2015-06-24T08:00:00+0200,708,387
2015-06-24T07:00:00Z,2015-06-24T09:00:00+0200,725,394
2015-06-24T08:00:00Z,2015-06-24T10:00:00+0200,660,578
2015-06-24T09:00:00Z,2015-06-24T11:00:00+0200,660,534
2015-06-24T10:00:00Z,2015-06-24T12:00:00+0200,736,580
2015-06-24T11:00:00Z,2015-06-24T13:00:00+0200,355,502
2015-06-24T12:00:00Z,2015-06-24T14:00:00+0200,578,695
2015-06-24T13:00:00Z,2015-06-24T15:00:00+0200,767,810
2015-06-24T14:00:00Z,2015-06-24T16:00:00+0200,862,736
2015-06-24T15:00:00Z,2015-06-24T17:00:00+0200,1016,748
2015-06-24T16:00:00Z,2015-06-24T18:00:00+0200,1126,698
2015-06-24T17:00:00Z,2015-06-24T19:00:00+0200,1194,689
2015-06-24T18:00:00Z,2015-06-24T20:00:00+0200,1167,640
2015-06-24T19:00:00Z,2015-06-24T21:00:00+0200,1008,608
2015-06-24T20:00:00Z,2015-06-24T22:00:00+0200,896,470
2015-06-24T21:00:00Z,2015-06-24T23:00:00+0200,855,449
2015-06-24T22:00:00Z,2015-06-25T00:00:00+0200,408,439
2015-06-24T23:00:00Z,2015-06-25T01:00:00+0200,828,397
2015-06-25T00:00:00Z,2015-06-25T02:00:00+0200,702,394
2015-06-25T01:00:00Z,2015-06-25T03:00:00+0200,590,442
2015-06-25T02:00:00Z,2015-06-25T04:00:00+0200,556,499
2015-06-25T03:00:00Z,2015-06-25T05:00:00+0200,582,448
2015-06-25T04:00:00Z,2015-06-25T06:00:00+0200,530,354
2015-06-25T05:00:00Z,2015-06-25T07:00:00+0200,336,281
2015-06-25T06:00:00Z,2015-06-25T08:00:00+0200,230,252
2015-06-25T07:00:00Z,2015-06-25T09:00:00+0200,207,299
2015-06-25T08:00:00Z,2015-06-25T10:00:00+0200,158,282
2015-06-25T09:00:00Z,2015-06-25T11:00:00+0200,171,371
2015-06-25T10:00:00Z,2015-06-25T12:00:00+0200,176,477
2015-06-25T11:00:00Z,2015-06-25T13:00:00+0200,343,653
2015-06-25T12:00:00Z,2015-06-25T14:00:00+0200,378,811
2015-06-25T13:00:00Z,2015-06-25T15:00:00+0200,341,831
2015-06-25T14:00:00Z,2015-06-25T16:00:00+0200,354,807
2015-06-25T15:00:00Z,2015-06-25T17:00:00+0200,378,852
2015-06-25T16:00:00Z,2015-06-25T18:00:00+0200,364,898
2015-06-25T17:00:00Z,2015-06-25T19:00:00+0200,193,786
2015-06-25T18:00:00Z,2015-06-25T20:00:00+0200,426,1014
2015-06-25T19:00:00Z,2015-06-25T21:00:00+0200,408,1148
2015-06-25T20:00:00Z,2015-06-25T22:00:00+0200,233,992
2015-06-25T21:00:00Z,2015-06-25T23:00:00+0200,452,1489
2015-06-25T22:00:00Z,2015-06-26T00:00:00+0200,399,1733
2015-06-25T23:00:00Z,2015-06-26T01:00:00+0200,418,1845
2015-06-26T00:00:00Z,2015-06-26T02:00:00+0200,366,1935
2015-06-26T01:00:00Z,2015-06-26T03:00:00+0200,435,2076
2015-06-26T02:00:00Z,2015-06-26T04:00:00+0200,532,2083
2015-06-26T03:00:00Z,2015-06-26T05:00:00+0200,525,2081
2015-06-26T04:00:00Z,2015-06-26T06:00:00+0200,660,2050
2015-06-26T05:00:00Z,2015-06-26T07:00:00+0200,554,2124
2015-06-26T06:00:00Z,2015-06-26T08:00:00+0200,668,2129
2015-06-26T07:00:00Z,2015-06-26T09:00:00+0200,676,2038
2015-06-26T08:00:00Z,2015-06-26T10:00:00+0200,380,1498
2015-06-26T09:00:00Z,2015-06-26T11:00:00+0200,298,1756
2015-06-26T10:00:00Z,2015-06-26T12:00:00+0200,762,2201
2015-06-26T11:00:00Z,2015-06-26T13:00:00+0200,1128,1963
2015-06-26T12:00:00Z,2015-06-26T14:00:00+0200,1158,1904
2015-06-26T13:00:00Z,2015-06-26T15:00:00+0200,1428,1725
2015-06-26T14:00:00Z,2015-06-26T16:00:00+0200,1396,1645
2015-06-26T15:00:00Z,2015-06-26T17:00:00+0200,1276,1667
2015-06-26T16:00:00Z,2015-06-26T18:00:00+0200,1559,1571
2015-06-26T17:00:00Z,2015-06-26T19:00:00+0200,1781,1568
2015-06-26T18:00:00Z,2015-06-26T20:00:00+0200,1616,1455
2015-06-26T19:00:00Z,2015-06-26T21:00:00+0200,1430,1483
2015-06-26T20:00:00Z,2015-06-26T22:00:00+0200,1652,1335
2015-06-26T21:00:00Z,2015-06-26T23:00:00+0200,1434,1212
2015-06-26T22:00:00Z,2015-06-27T00:00:00+0200,1171,1156
2015-06-26T23:00:00Z,2015-06-27T01:00:00+0200,1124,1107
2015-06-27T00:00:00Z,2015-06-27T02:00:00+0200,1358,1131
2015-06-27T01:00:00Z,2015-06-27T03:00:00+0200,1404,1142
2015-06-27T02:00:00Z,2015-06-27T04:00:00+0200,1422,1174
2015-06-27T03:00:00Z,2015-06-27T05:00:00+0200,1220,1225
2015-06-27T04:00:00Z,2015-06-27T06:00:00+0200,371,962
2015-06-27T05:00:00Z,2015-06-27T07:00:00+0200,1204,1011
2015-06-27T06:00:00Z,2015-06-27T08:00:00+0200,954,1065
2015-06-27T07:00:00Z,2015-06-27T09:00:00+0200,636,1367
2015-06-27T08:00:00Z,2015-06-27T10:00:00+0200,696,1499
2015-06-27T09:00:00Z,2015-06-27T11:00:00+0200,695,1648
2015-06-27T10:00:00Z,2015-06-27T12:00:00+0200,560,1979
2015-06-27T11:00:00Z,2015-06-27T13:00:00+0200,539,1991
2015-06-27T12:00:00Z,2015-06-27T14:00:00+0200,530,1204
2015-06-27T13:00:00Z,2015-06-27T15:00:00+0200,650,1395
2015-06-27T14:00:00Z,2015-06-27T16:00:00+0200,694,1976
2015-06-27T15:00:00Z,2015-06-27T17:00:00+0200,591,1709
2015-06-27T16:00:00Z,2015-06-27T18:00:00+0200,420,1501
2015-06-27T17:00:00Z,2015-06-27T19:00:00+0200,435,1705
2015-06-27T18:00:00Z,2015-06-27T20:00:00+0200,858,1291
2015-06-27T19:00:00Z,2015-06-27T21:00:00+0200,388,1565
2015-06-27T20:00:00Z,2015-06-27T22:00:00+0200,752,1759
2015-06-27T21:00:00Z,2015-06-27T23:00:00+0200,450,2073
2015-06-27T22:00:00Z,2015-06-28T00:00:00+0200,824,2319
2015-06-27T23:00:00Z,2015-06-28T01:00:00+0200,801,2610
2015-06-28T00:00:00Z,2015-06-28T02:00:00+0200,761,2904
2015-06-28T01:00:00Z,2015-06-28T03:00:00+0200,437,2043
2015-06-28T02:00:00Z,2015-06-28T04:00:00+0200,804,3056
2015-06-28T03:00:00Z,2015-06-28T05:00:00+0200,1158,2860
2015-06-28T04:00:00Z,2015-06-28T06:00:00+0200,891,2888
2015-06-28T05:00:00Z,2015-06-28T07:00:00+0200,914,2635
2015-06-28T06:00:00Z,2015-06-28T08:00:00+0200,1297,2871
2015-06-28T07:00:00Z,2015-06-28T09:00:00+0200,1328,3265
2015-06-28T08:00:00Z,2015-06-28T10:00:00+0200,1754,3199
2015-06-28T09:00:00Z,2015-06-28T11:00:00+0200,2018,3311
2015-06-28T10:00:00Z,2015-06-28T12:00:00+0200,1970,3367
2015-06-28T11:00:00Z,2015-06-28T13:00:00+0200,1945,3585
2015-06-28T12:00:00Z,2015-06-28T14:00:00+0200,1638,3500
2015-06-28T13:00:00Z,2015-06-28T15:00:00+0200,1548,3578
2015-06-28T14:00:00Z,2015-06-28T16:00:00+0200,1478,3764
2015-06-28T15:00:00Z,2015-06-28T17:00:00+0200,729,2347
2015-06-28T16:00:00Z,2015-06-28T18:00:00+0200,1393,2990
2015-06-28T17:00:00Z,2015-06-28T19:00:00+0200,1298,2627
2015-06-28T18:00:00Z,2015-06-28T20:00:00+0200,645,1733
2015-06-28T19:00:00Z,2015-06-28T21:00:00+0200,1091,2039
2015-06-28T20:00:00Z,2015-06-28T22:00:00+0200,938,1626
2015-06-28T21:00:00Z,2015-06-28T23:00:00+0200,961,1473
2015-06-28T22:00:00Z,2015-06-29T00:00:00+0200,1044,1377
2015-06-28T23:00:00Z,2015-06-29T01:00:00+0200,984,1408
2015-06-29T00:00:00Z,2015-06-29T02:00:00+0200,926,1255
2015-06-29T01:00:00Z,2015-06-29T03:00:00+0200,246,1054
2015-06-29T02:00:00Z,2015-06-29T04:00:00+0200,732,1088
2015-06-29T03:00:00Z,2015-06-29T05:00:00+0200,538,1020
2015-06-29T04:00:00Z,2015-06-29T06:00:00+0200,391,954
2015-06-29T05:00:00Z,2015-06-29T07:00:00+0200,196,752
2015-06-29T06:00:00Z,2015-06-29T08:00:00+0200,308,1015
2015-06-29T07:00:00Z,2015-06-29T09:00:00+0200,222,1090
2015-06-29T08:00:00Z,2015-06-29T10:00:00+0200,174,1188
2015-06-29T09:00:00Z,2015-06-29T11:00:00+0200,161,1292
2015-06-29T10:00:00Z,2015-06-29T12:00:00+0200,190,1356
2015-06-29T11:00:00Z,2015-06-29T13:00:00+0200,218,1438
2015-06-29T12:00:00Z,2015-06-29T14:00:00+0200,330,1553
2015-06-29T13:00:00Z,2015-06-29T15:00:00+0200,328,1622
2015-06-29T14:00:00Z,2015-06-29T16:00:00+0200,366,1527
2015-06-29T15:00:00Z,2015-06-29T17:00:00+0200,388,1405
2015-06-29T16:00:00Z,2015-06-29T18:00:00+0200,298,1199
2015-06-29T17:00:00Z,2015-06-29T19:00:00+0200,383,1117
2015-06-29T18:00:00Z,2015-06-29T20:00:00+0200,384,1124
2015-06-29T19:00:00Z,2015-06-29T21:00:00+0200,362,1121
2015-06-29T20:00:00Z,2015-06-29T22:00:00+0200,354,1277
2015-06-29T21:00:00Z,2015-06-29T23:00:00+0200,312,1529
2015-06-29T22:00:00Z,2015-06-30T00:00:00+0200,326,1808
2015-06-29T23:00:00Z,2015-06-30T01:00:00+0200,269,2010
2015-06-30T00:00:00Z,2015-06-30T02:00:00+0200,231,1800
2015-06-30T01:00:00Z,2015-06-30T03:00:00+0200,257,1830
2015-06-30T02:00:00Z,2015-06-30T04:00:00+0200,314,1866
2015-06-30T03:00:00Z,2015-06-30T05:00:00+0200,343,1852
2015-06-30T04:00:00Z,2015-06-30T06:00:00+0200,364,1978
2015-06-30T05:00:00Z,2015-06-30T07:00:00+0200,330,1982
2015-06-30T06:00:00Z,2015-06-30T08:00:00+0200,458,2217
2015-06-30T07:00:00Z,2015-06-30T09:00:00+0200,327,1909
2015-06-30T08:00:00Z,2015-06-30T10:00:00+0200,1239,1946
2015-06-30T09:00:00Z,2015-06-30T11:00:00+0200,2166,1556
2015-06-30T10:00:00Z,2015-06-30T12:00:00+0200,359,2365
2015-06-30T11:00:00Z,2015-06-30T13:00:00+0200,1203,1982
2015-06-30T12:00:00Z,2015-06-30T14:00:00+0200,634,2352
2015-06-30T13:00:00Z,2015-06-30T15:00:00+0200,1154,2284
2015-06-30T14:00:00Z,2015-06-30T16:00:00+0200,518,1674
2015-06-30T15:00:00Z,2015-06-30T17:00:00+0200,709,1647
2015-06-30T16:00:00Z,2015-06-30T18:00:00+0200,1630,2171
2015-06-30T17:00:00Z,2015-06-30T19:00:00+0200,1850,1920
2015-06-30T18:00:00Z,2015-06-30T20:00:00+0200,1693,1892
2015-06-30T19:00:00Z,2015-06-30T21:00:00+0200,1835,1722
2015-06-30T20:00:00Z,2015-06-30T22:00:00+0200,1883,1718
2015-06-30T21:00:00Z,2015-06-30T23:00:00+0200,2046,1552
2015-06-30T22:00:00Z,2015-07-01T00:00:00+0200,1138,1206
2015-06-30T23:00:00Z,2015-07-01T01:00:00+0200,1712,1708
2015-07-01T00:00:00Z,2015-07-01T02:00:00+0200,2106,1856
2015-07-01T01:00:00Z,2015-07-01T03:00:00+0200,2502,1834
2015-07-01T02:00:00Z,2015-07-01T04:00:00+0200,2249,2005
2015-07-01T03:00:00Z,2015-07-01T05:00:00+0200,2157,1204
2015-07-01T04:00:00Z,2015-07-01T06:00:00+0200,2124,1696
2015-07-01T05:00:00Z,2015-07-01T07:00:00+0200,1882,1813
2015-07-01T06:00:00Z,2015-07-01T08:00:00+0200,1842,1702
2015-07-01T07:00:00Z,2015-07-01T09:00:00+0200,1920,1583
2015-07-01T08:00:00Z,2015-07-01T10:00:00+0200,1642,1981
2015-07-01T09:00:00Z,2015-07-01T11:00:00+0200,1754,2274
2015-07-01T10:00:00Z,2015-07-01T12:00:00+0200,1970,2505
2015-07-01T11:00:00Z,2015-07-01T13:00:00+0200,2238,2775
2015-07-01T12:00:00Z,2015-07-01T14:00:00+0200,2415,2626
2015-07-01T13:00:00Z,2015-07-01T15:00:00+0200,1635,2799
2015-07-01T14:00:00Z,2015-07-01T16:00:00+0200,1253,1582
2015-07-01T15:00:00Z,2015-07-01T17:00:00+0200,2079,2203
2015-07-01T16:00:00Z,2015-07-01T18:00:00+0200,1972,1992
2015-07-01T17:00:00Z,2015-07-01T19:00:00+0200,1812,1735
2015-07-01T18:00:00Z,2015-07-01T20:00:00+0200,1827,1646
2015-07-01T19:00:00Z,2015-07-01T21:00:00+0200,2023,1808
2015-07-01T20:00:00Z,2015-07-01T22:00:00+0200,2074,1764
2015-07-01T21:00:00Z,2015-07-01T23:00:00+0200,1006,1699
2015-07-01T22:00:00Z,2015-07-02T00:00:00+0200,815,1406
2015-07-01T23:00:00Z,2015-07-02T01:00:00+0200,1475,1170
2015-07-02T00:00:00Z,2015-07-02T02:00:00+0200,788,1218
2015-07-02T01:00:00Z,2015-07-02T03:00:00+0200,518,691
2015-07-02T02:00:00Z,2015-07-02T04:00:00+0200,603,1176
2015-07-02T03:00:00Z,2015-07-02T05:00:00+0200,1024,771
2015-07-02T04:00:00Z,2015-07-02T06:00:00+0200,1037,925
2015-07-02T05:00:00Z,2015-07-02T07:00:00+0200,957,949
2015-07-02T06:00:00Z,2015-07-02T08:00:00+0200,684,951
2015-07-02T07:00:00Z,2015-07-02T09:00:00+0200,249,674
2015-07-02T08:00:00Z,2015-07-02T10:00:00+0200,414,778
2015-07-02T09:00:00Z,2015-07-02T11:00:00+0200,145,577
2015-07-02T10:00:00Z,2015-07-02T12:00:00+0200,281,590
2015-07-02T11:00:00Z,2015-07-02T13:00:00+0200,464,821
2015-07-02T12:00:00Z,2015-07-02T14:00:00+0200,240,881
2015-07-02T13:00:00Z,2015-07-02T15:00:00+0200,254,954
2015-07-02T14:00:00Z,2015-07-02T16:00:00+0200,357,895
2015-07-02T15:00:00Z,2015-07-02T17:00:00+0200,558,970
2015-07-02T16:00:00Z,2015-07-02T18:00:00+0200,610,892
2015-07-02T17:00:00Z,2015-07-02T19:00:00+0200,257,582
2015-07-02T18:00:00Z,2015-07-02T20:00:00+0200,602,837
2015-07-02T19:00:00Z,2015-07-02T21:00:00+0200,952,900
2015-07-02T20:00:00Z,2015-07-02T22:00:00+0200,1150,967
2015-07-02T21:00:00Z,2015-07-02T23:00:00+0200,1156,704
2015-07-02T22:00:00Z,2015-07-03T00:00:00+0200,1041,816
2015-07-02T23:00:00Z,2015-07-03T01:00:00+0200,788,693
2015-07-03T00:00:00Z,2015-07-03T02:00:00+0200,622,322
2015-07-03T01:00:00Z,2015-07-03T03:00:00+0200,622,561
2015-07-03T02:00:00Z,2015-07-03T04:00:00+0200,526,524
2015-07-03T03:00:00Z,2015-07-03T05:00:00+0200,352,363
2015-07-03T04:00:00Z,2015-07-03T06:00:00+0200,324,387
2015-07-03T05:00:00Z,2015-07-03T07:00:00+0200,292,393
2015-07-03T06:00:00Z,2015-07-03T08:00:00+0200,256,383
2015-07-03T07:00:00Z,2015-07-03T09:00:00+0200,201,457
2015-07-03T08:00:00Z,2015-07-03T10:00:00+0200,116,678
2015-07-03T09:00:00Z,2015-07-03T11:00:00+0200,161,861
2015-07-03T10:00:00Z,2015-07-03T12:00:00+0200,251,986
2015-07-03T11:00:00Z,2015-07-03T13:00:00+0200,617,1293
2015-07-03T12:00:00Z,2015-07-03T14:00:00+0200,550,1221
2015-07-03T13:00:00Z,2015-07-03T15:00:00+0200,800,1465
2015-07-03T14:00:00Z,2015-07-03T16:00:00+0200,592,1438
2015-07-03T15:00:00Z,2015-07-03T17:00:00+0200,1692,2422
2015-07-03T16:00:00Z,2015-07-03T18:00:00+0200,956,1736
2015-07-03T17:00:00Z,2015-07-03T19:00:00+0200,1156,2120
2015-07-03T18:00:00Z,2015-07-03T20:00:00+0200,1654,2189
2015-07-03T19:00:00Z,2015-07-03T21:00:00+0200,2058,2524
2015-07-03T20:00:00Z,2015-07-03T22:00:00+0200,2034,2753
2015-07-03T21:00:00Z,2015-07-03T23:00:00+0200,2496,2673
2015-07-03T22:00:00Z,2015-07-04T00:00:00+0200,1292,2187
2015-07-03T23:00:00Z,2015-07-04T01:00:00+0200,2491,2959
2015-07-04T00:00:00Z,2015-07-04T02:00:00+0200,2423,2391
2015-07-04T01:00:00Z,2015-07-04T03:00:00+0200,2428,2986
2015-07-04T02:00:00Z,2015-07-04T04:00:00+0200,1837,2973
2015-07-04T03:00:00Z,2015-07-04T05:00:00+0200,1678,3107
2015-07-04T04:00:00Z,2015-07-04T06:00:00+0200,1287,3230
2015-07-04T05:00:00Z,2015-07-04T07:00:00+0200,1005,3397
2015-07-04T06:00:00Z,2015-07-04T08:00:00+0200,505,2261
2015-07-04T07:00:00Z,2015-07-04T09:00:00+0200,1184,2977
2015-07-04T08:00:00Z,2015-07-04T10:00:00+0200,1332,3394
2015-07-04T09:00:00Z,2015-07-04T11:00:00+0200,1074,2380
2015-07-04T10:00:00Z,2015-07-04T12:00:00+0200,1001,3268
2015-07-04T11:00:00Z,2015-07-04T13:00:00+0200,717,2395
2015-07-04T12:00:00Z,2015-07-04T14:00:00+0200,1438,3436
2015-07-04T13:00:00Z,2015-07-04T15:00:00+0200,1572,2596
2015-07-04T14:00:00Z,2015-07-04T16:00:00+0200,1599,2853
2015-07-04T15:00:00Z,2015-07-04T17:00:00+0200,1811,2357
2015-07-04T16:00:00Z,2015-07-04T18:00:00+0200,2022,2433
2015-07-04T17:00:00Z,2015-07-04T19:00:00+0200,1003,1983
2015-07-04T18:00:00Z,2015-07-04T20:00:00+0200,1644,2275
2015-07-04T19:00:00Z,2015-07-04T21:00:00+0200,1342,1430
2015-07-04T20:00:00Z,2015-07-04T22:00:00+0200,707,1266
2015-07-04T21:00:00Z,2015-07-04T23:00:00+0200,1076,1387
2015-07-04T22:00:00Z,2015-07-05T00:00:00+0200,1020,1640
2015-07-04T23:00:00Z,2015-07-05T01:00:00+0200,807,918
2015-07-05T00:00:00Z,2015-07-05T02:00:00+0200,545,686
2015-07-05T01:00:00Z,2015-07-05T03:00:00+0200,398,661
2015-07-05T02:00:00Z,2015-07-05T04:00:00+0200,203,534
2015-07-05T03:00:00Z,2015-07-05T05:00:00+0200,206,521
2015-07-05T04:00:00Z,2015-07-05T06:00:00+0200,200,510
2015-07-05T05:00:00Z,2015-07-05T07:00:00+0200,184,470
2015-07-05T06:00:00Z,2015-07-05T08:00:00+0200,228,649
2015-07-05T07:00:00Z,2015-07-05T09:00:00+0200,257,622
2015-07-05T08:00:00Z,2015-07-05T10:00:00+0200,745,691
2015-07-05T09:00:00Z,2015-07-05T11:00:00+0200,716,754
2015-07-05T10:00:00Z,2015-07-05T12:00:00+0200,438,846
2015-07-05T11:00:00Z,2015-07-05T13:00:00+0200,288,795
2015-07-05T12:00:00Z,2015-07-05T14:00:00+0200,302,869
2015-07-05T13:00:00Z,2015-07-05T15:00:00+0200,311,870
2015-07-05T14:00:00Z,2015-07-05T16:00:00+0200,314,862
2015-07-05T15:00:00Z,2015-07-05T17:00:00+0200,332,900
2015-07-05T16:00:00Z,2015-07-05T18:00:00+0200,506,885
2015-07-05T17:00:00Z,2015-07-05T19:00:00+0200,1138,1102
2015-07-05T18:00:00Z,2015-07-05T20:00:00+0200,1411,1019
2015-07-05T19:00:00Z,2015-07-05T21:00:00+0200,1582,1033
2015-07-05T20:00:00Z,2015-07-05T22:00:00+0200,1529,1046
2015-07-05T21:00:00Z,2015-07-05T23:00:00+0200,1729,1078
2015-07-05T22:00:00Z,2015-07-06T00:00:00+0200,872,815
2015-07-05T23:00:00Z,2015-07-06T01:00:00+0200,1603,1197
2015-07-06T00:00:00Z,2015-07-06T02:00:00+0200,1429,1096
2015-07-06T01:00:00Z,2015-07-06T03:00:00+0200,825,811
2015-07-06T02:00:00Z,2015-07-06T04:00:00+0200,1250,1221
2015-07-06T03:00:00Z,2015-07-06T05:00:00+0200,1084,860
2015-07-06T04:00:00Z,2015-07-06T06:00:00+0200,1112,807
2015-07-06T05:00:00Z,2015-07-06T07:00:00+0200,956,781
2015-07-06T06:00:00Z,2015-07-06T08:00:00+0200,820,788
2015-07-06T07:00:00Z,2015-07-06T09:00:00+0200,746,924
2015-07-06T08:00:00Z,2015-07-06T10:00:00+0200,740,1260
2015-07-06T09:00:00Z,2015-07-06T11:00:00+0200,634,1403
2015-07-06T10:00:00Z,2015-07-06T12:00:00+0200,475,1388
2015-07-06T11:00:00Z,2015-07-06T13:00:00+0200,1002,2079
2015-07-06T12:00:00Z,2015-07-06T14:00:00+0200,1318,2429
2015-07-06T13:00:00Z,2015-07-06T15:00:00+0200,1365,2310
2015-07-06T14:00:00Z,2015-07-06T16:00:00+0200,1463,2409
2015-07-06T15:00:00Z,2015-07-06T17:00:00+0200,799,1840
2015-07-06T16:00:00Z,2015-07-06T18:00:00+0200,757,1776
2015-07-06T17:00:00Z,2015-07-06T19:00:00+0200,1270,2357
2015-07-06T18:00:00Z,2015-07-06T20:00:00+0200,1340,2407
2015-07-06T19:00:00Z,2015-07-06T21:00:00+0200,1442,2734
2015-07-06T20:00:00Z,2015-07-06T22:00:00+0200,593,2002
2015-07-06T21:00:00Z,2015-07-06T23:00:00+0200,793,1968
2015-07-06T22:00:00Z,2015-07-07T00:00:00+0200,1467,3179
2015-07-06T23:00:00Z,2015-07-07T01:00:00+0200,1765,2975
2015-07-07T00:00:00Z,2015-07-07T02:00:00+0200,1725,2729
2015-07-07T01:00:00Z,2015-07-07T03:00:00+0200,1622,2434
2015-07-07T02:00:00Z,2015-07-07T04:00:00+0200,1595,2837
2015-07-07T03:00:00Z,2015-07-07T05:00:00+0200,1461,2460
2015-07-07T04:00:00Z,2015-07-07T06:00:00+0200,1467,2710
2015-07-07T05:00:00Z,2015-07-07T07:00:00+0200,1359,2525
2015-07-07T06:00:00Z,2015-07-07T08:00:00+0200,1526,1953
2015-07-07T07:00:00Z,2015-07-07T09:00:00+0200,1605,1931
2015-07-07T08:00:00Z,2015-07-07T10:00:00+0200,1254,2154
2015-07-07T09:00:00Z,2015-07-07T11:00:00+0200,1255,2382
2015-07-07T10:00:00Z,2015-07-07T12:00:00+0200,1371,2398
2015-07-07T11:00:00Z,2015-07-07T13:00:00+0200,1862,2521
2015-07-07T12:00:00Z,2015-07-07T14:00:00+0200,2016,2767
2015-07-07T13:00:00Z,2015-07-07T15:00:00+0200,2818,3220
2015-07-07T14:00:00Z,2015-07-07T16:00:00+0200,3054,3477
2015-07-07T15:00:00Z,2015-07-07T17:00:00+0200,3005,3413
2015-07-07T16:00:00Z,2015-07-07T18:00:00+0200,2932,3375
2015-07-07T17:00:00Z,2015-07-07T19:00:00+0200,3022,3016
2015-07-07T18:00:00Z,2015-07-07T20:00:00+0200,2701,2980
2015-07-07T19:00:00Z,2015-07-07T21:00:00+0200,3152,2047
2015-07-07T20:00:00Z,2015-07-07T22:00:00+0200,3012,2739
2015-07-07T21:00:00Z,2015-07-07T23:00:00+0200,3006,2650
2015-07-07T22:00:00Z,2015-07-08T00:00:00+0200,3025,2629
2015-07-07T23:00:00Z,2015-07-08T01:00:00+0200,2940,2612
2015-07-08T00:00:00Z,2015-07-08T02:00:00+0200,2856,2682
2015-07-08T01:00:00Z,2015-07-08T03:00:00+0200,2801,2754
2015-07-08T02:00:00Z,2015-07-08T04:00:00+0200,2563,2881
2015-07-08T03:00:00Z,2015-07-08T05:00:00+0200,2612,2578
2015-07-08T04:00:00Z,2015-07-08T06:00:00+0200,2556,2837
2015-07-08T05:00:00Z,2015-07-08T07:00:00+0200,2596,2964
2015-07-08T06:00:00Z,2015-07-08T08:00:00+0200,1176,3066
2015-07-08T07:00:00Z,2015-07-08T09:00:00+0200,2501,3205
2015-07-08T08:00:00Z,2015-07-08T10:00:00+0200,2808,3222
2015-07-08T09:00:00Z,2015-07-08T11:00:00+0200,2656,3427
2015-07-08T10:00:00Z,2015-07-08T12:00:00+0200,2485,3262
2015-07-08T11:00:00Z,2015-07-08T13:00:00+0200,2432,3329
2015-07-08T12:00:00Z,2015-07-08T14:00:00+0200,2042,3296
2015-07-08T13:00:00Z,2015-07-08T15:00:00+0200,1816,3558
2015-07-08T14:00:00Z,2015-07-08T16:00:00+0200,2122,3541
2015-07-08T15:00:00Z,2015-07-08T17:00:00+0200,1891,3723
2015-07-08T16:00:00Z,2015-07-08T18:00:00+0200,2092,3292
2015-07-08T17:00:00Z,2015-07-08T19:00:00+0200,2145,3408
2015-07-08T18:00:00Z,2015-07-08T20:00:00+0200,2384,2739
2015-07-08T19:00:00Z,2015-07-08T21:00:00+0200,1768,2342
2015-07-08T20:00:00Z,2015-07-08T22:00:00+0200,1426,1985
2015-07-08T21:00:00Z,2015-07-08T23:00:00+0200,1197,1769
2015-07-08T22:00:00Z,2015-07-09T00:00:00+0200,984,1660
2015-07-08T23:00:00Z,2015-07-09T01:00:00+0200,884,1680
2015-07-09T00:00:00Z,2015-07-09T02:00:00+0200,1384,1412
2015-07-09T01:00:00Z,2015-07-09T03:00:00+0200,1595,1496
2015-07-09T02:00:00Z,2015-07-09T04:00:00+0200,1820,1157
2015-07-09T03:00:00Z,2015-07-09T05:00:00+0200,1647,1241
2015-07-09T04:00:00Z,2015-07-09T06:00:00+0200,1360,1021
2015-07-09T05:00:00Z,2015-07-09T07:00:00+0200,1150,891
2015-07-09T06:00:00Z,2015-07-09T08:00:00+0200,594,811
2015-07-09T07:00:00Z,2015-07-09T09:00:00+0200,633,884
2015-07-09T08:00:00Z,2015-07-09T10:00:00+0200,272,611
2015-07-09T09:00:00Z,2015-07-09T11:00:00+0200,200,568
2015-07-09T10:00:00Z,2015-07-09T12:00:00+0200,137,547
2015-07-09T11:00:00Z,2015-07-09T13:00:00+0200,128,798
2015-07-09T12:00:00Z,2015-07-09T14:00:00+0200,126,834
2015-07-09T13:00:00Z,2015-07-09T15:00:00+0200,139,795
2015-07-09T14:00:00Z,2015-07-09T16:00:00+0200,318,685
2015-07-09T15:00:00Z,2015-07-09T17:00:00+0200,156,585
2015-07-09T16:00:00Z,2015-07-09T18:00:00+0200,431,796
2015-07-09T17:00:00Z,2015-07-09T19:00:00+0200,303,586
2015-07-09T18:00:00Z,2015-07-09T20:00:00+0200,714,668
2015-07-09T19:00:00Z,2015-07-09T21:00:00+0200,830,623
2015-07-09T20:00:00Z,2015-07-09T22:00:00+0200,754,371
2015-07-09T21:00:00Z,2015-07-09T23:00:00+0200,741,596
2015-07-09T22:00:00Z,2015-07-10T00:00:00+0200,782,676
2015-07-09T23:00:00Z,2015-07-10T01:00:00+0200,820,745
2015-07-10T00:00:00Z,2015-07-10T02:00:00+0200,830,724
2015-07-10T01:00:00Z,2015-07-10T03:00:00+0200,636,1170
2015-07-10T02:00:00Z,2015-07-10T04:00:00+0200,538,1535
2015-07-10T03:00:00Z,2015-07-10T05:00:00+0200,364,901
2015-07-10T04:00:00Z,2015-07-10T06:00:00+0200,470,1503
2015-07-10T05:00:00Z,2015-07-10T07:00:00+0200,484,1649
2015-07-10T06:00:00Z,2015-07-10T08:00:00+0200,564,1693
2015-07-10T07:00:00Z,2015-07-10T09:00:00+0200,259,1350
2015-07-10T08:00:00Z,2015-07-10T10:00:00+0200,538,1769
2015-07-10T09:00:00Z,2015-07-10T11:00:00+0200,395,2173
2015-07-10T10:00:00Z,2015-07-10T12:00:00+0200,443,1968
2015-07-10T11:00:00Z,2015-07-10T13:00:00+0200,336,2239
2015-07-10T12:00:00Z,2015-07-10T14:00:00+0200,211,1725
2015-07-10T13:00:00Z,2015-07-10T15:00:00+0200,378,2492
2015-07-10T14:00:00Z,2015-07-10T16:00:00+0200,498,2625
2015-07-10T15:00:00Z,2015-07-10T17:00:00+0200,460,2560
2015-07-10T16:00:00Z,2015-07-10T18:00:00+0200,547,2337
2015-07-10T17:00:00Z,2015-07-10T19:00:00+0200,404,2204
2015-07-10T18:00:00Z,2015-07-10T20:00:00+0200,909,1921
2015-07-10T19:00:00Z,2015-07-10T21:00:00+0200,1064,1959
2015-07-10T20:00:00Z,2015-07-10T22:00:00+0200,1184,1776
2015-07-10T21:00:00Z,2015-07-10T23:00:00+0200,1302,1582
2015-07-10T22:00:00Z,2015-07-11T00:00:00+0200,1130,1855
2015-07-10T23:00:00Z,2015-07-11T01:00:00+0200,1179,1979
2015-07-11T00:00:00Z,2015-07-11T02:00:00+0200,590,1682
2015-07-11T01:00:00Z,2015-07-11T03:00:00+0200,1162,1976
2015-07-11T02:00:00Z,2015-07-11T04:00:00+0200,1140,1694
2015-07-11T03:00:00Z,2015-07-11T05:00:00+0200,826,1718
2015-07-11T04:00:00Z,2015-07-11T06:00:00+0200,607,1149
2015-07-11T05:00:00Z,2015-07-11T07:00:00+0200,624,1491
2015-07-11T06:00:00Z,2015-07-11T08:00:00+0200,603,1172
2015-07-11T07:00:00Z,2015-07-11T09:00:00+0200,642,1599
2015-07-11T08:00:00Z,2015-07-11T10:00:00+0200,700,1886
2015-07-11T09:00:00Z,2015-07-11T11:00:00+0200,407,1654
2015-07-11T10:00:00Z,2015-07-11T12:00:00+0200,564,2031
2015-07-11T11:00:00Z,2015-07-11T13:00:00+0200,825,2456
2015-07-11T12:00:00Z,2015-07-11T14:00:00+0200,462,1969
2015-07-11T13:00:00Z,2015-07-11T15:00:00+0200,505,2002
2015-07-11T14:00:00Z,2015-07-11T16:00:00+0200,898,3064
2015-07-11T15:00:00Z,2015-07-11T17:00:00+0200,1332,3324
2015-07-11T16:00:00Z,2015-07-11T18:00:00+0200,1382,3216
2015-07-11T17:00:00Z,2015-07-11T19:00:00+0200,1420,3127
2015-07-11T18:00:00Z,2015-07-11T20:00:00+0200,1664,3262
2015-07-11T19:00:00Z,2015-07-11T21:00:00+0200,1943,3277
2015-07-11T20:00:00Z,2015-07-11T22:00:00+0200,1689,3415
2015-07-11T21:00:00Z,2015-07-11T23:00:00+0200,1814,3467
2015-07-11T22:00:00Z,2015-07-12T00:00:00+0200,1762,2385
2015-07-11T23:00:00Z,2015-07-12T01:00:00+0200,1762,3389
2015-07-12T00:00:00Z,2015-07-12T02:00:00+0200,1892,3199
2015-07-12T01:00:00Z,2015-07-12T03:00:00+0200,1934,3010
2015-07-12T02:00:00Z,2015-07-12T04:00:00+0200,1040,2249
2015-07-12T03:00:00Z,2015-07-12T05:00:00+0200,1949,3017
2015-07-12T04:00:00Z,2015-07-12T06:00:00+0200,2048,3105
2015-07-12T05:00:00Z,2015-07-12T07:00:00+0200,2043,2806
2015-07-12T06:00:00Z,2015-07-12T08:00:00+0200,2143,2713
2015-07-12T07:00:00Z,2015-07-12T09:00:00+0200,2016,2558
2015-07-12T08:00:00Z,2015-07-12T10:00:00+0200,1830,2456
2015-07-12T09:00:00Z,2015-07-12T11:00:00+0200,1541,2447
2015-07-12T10:00:00Z,2015-07-12T12:00:00+0200,1376,2516
2015-07-12T11:00:00Z,2015-07-12T13:00:00+0200,1722,2573
2015-07-12T12:00:00Z,2015-07-12T14:00:00+0200,1688,2446
2015-07-12T13:00:00Z,2015-07-12T15:00:00+0200,1857,2417
2015-07-12T14:00:00Z,2015-07-12T16:00:00+0200,1866,2504
2015-07-12T15:00:00Z,2015-07-12T17:00:00+0200,1028,1729
2015-07-12T16:00:00Z,2015-07-12T18:00:00+0200,1939,2173
2015-07-12T17:00:00Z,2015-07-12T19:00:00+0200,1873,1955
2015-07-12T18:00:00Z,2015-07-12T20:00:00+0200,1588,1599
2015-07-12T19:00:00Z,2015-07-12T21:00:00+0200,1428,1203
2015-07-12T20:00:00Z,2015-07-12T22:00:00+0200,1406,920
2015-07-12T21:00:00Z,2015-07-12T23:00:00+0200,1322,805
2015-07-12T22:00:00Z,2015-07-13T00:00:00+0200,992,793
2015-07-12T23:00:00Z,2015-07-13T01:00:00+0200,970,778
2015-07-13T00:00:00Z,2015-07-13T02:00:00+0200,946,779
2015-07-13T01:00:00Z,2015-07-13T03:00:00+0200,680,736
2015-07-13T02:00:00Z,2015-07-13T04:00:00+0200,660,696
2015-07-13T03:00:00Z,2015-07-13T05:00:00+0200,632,685
2015-07-13T04:00:00Z,2015-07-13T06:00:00+0200,786,620
2015-07-13T05:00:00Z,2015-07-13T07:00:00+0200,694,643
2015-07-13T06:00:00Z,2015-07-13T08:00:00+0200,530,687
2015-07-13T07:00:00Z,2015-07-13T09:00:00+0200,410,732
2015-07-13T08:00:00Z,2015-07-13T10:00:00+0200,515,745
2015-07-13T09:00:00Z,2015-07-13T11:00:00+0200,515,730
2015-07-13T10:00:00Z,2015-07-13T12:00:00+0200,574,836
2015-07-13T11:00:00Z,2015-07-13T13:00:00+0200,962,1212
2015-07-13T12:00:00Z,2015-07-13T14:00:00+0200,2129,1053
2015-07-13T13:00:00Z,2015-07-13T15:00:00+0200,448,1094
2015-07-13T14:00:00Z,2015-07-13T16:00:00+0200,1349,1307
2015-07-13T15:00:00Z,2015-07-13T17:00:00+0200,2165,1324
2015-07-13T16:00:00Z,2015-07-13T18:00:00+0200,1972,1196
2015-07-13T17:00:00Z,2015-07-13T19:00:00+0200,980,1049
2015-07-13T18:00:00Z,2015-07-13T20:00:00+0200,1088,736
2015-07-13T19:00:00Z,2015-07-13T21:00:00+0200,2017,916
2015-07-13T20:00:00Z,2015-07-13T22:00:00+0200,1027,611
2015-07-13T21:00:00Z,2015-07-13T23:00:00+0200,992,602
2015-07-13T22:00:00Z,2015-07-14T00:00:00+0200,1055,588
2015-07-13T23:00:00Z,2015-07-14T01:00:00+0200,1870,642
2015-07-14T00:00:00Z,2015-07-14T02:00:00+0200,1816,567
2015-07-14T01:00:00Z,2015-07-14T03:00:00+0200,840,403
2015-07-14T02:00:00Z,2015-07-14T04:00:00+0200,1238,424
2015-07-14T03:00:00Z,2015-07-14T05:00:00+0200,730,319
2015-07-14T04:00:00Z,2015-07-14T06:00:00+0200,598,320
2015-07-14T05:00:00Z,2015-07-14T07:00:00+0200,706,294
2015-07-14T06:00:00Z,2015-07-14T08:00:00+0200,657,273
2015-07-14T07:00:00Z,2015-07-14T09:00:00+0200,376,247
2015-07-14T08:00:00Z,2015-07-14T10:00:00+0200,364,288
2015-07-14T09:00:00Z,2015-07-14T11:00:00+0200,286,302
2015-07-14T10:00:00Z,2015-07-14T12:00:00+0200,220,349
2015-07-14T11:00:00Z,2015-07-14T13:00:00+0200,115,288
2015-07-14T12:00:00Z,2015-07-14T14:00:00+0200,227,400
2015-07-14T13:00:00Z,2015-07-14T15:00:00+0200,171,424
2015-07-14T14:00:00Z,2015-07-14T16:00:00+0200,179,459
2015-07-14T15:00:00Z,2015-07-14T17:00:00+0200,192,537
2015-07-14T16:00:00Z,2015-07-14T18:00:00+0200,205,531
2015-07-14T17:00:00Z,2015-07-14T19:00:00+0200,193,339
2015-07-14T18:00:00Z,2015-07-14T20:00:00+0200,146,371
2015-07-14T19:00:00Z,2015-07-14T21:00:00+0200,303,492
2015-07-14T20:00:00Z,2015-07-14T22:00:00+0200,165,368
2015-07-14T21:00:00Z,2015-07-14T23:00:00+0200,645,454
2015-07-14T22:00:00Z,2015-07-15T00:00:00+0200,586,448
2015-07-14T23:00:00Z,2015-07-15T01:00:00+0200,524,370
2015-07-15T00:00:00Z,2015-07-15T02:00:00+0200,560,430
2015-07-15T01:00:00Z,2015-07-15T03:00:00+0200,583,493
2015-07-15T02:00:00Z,2015-07-15T04:00:00+0200,317,396
2015-07-15T03:00:00Z,2015-07-15T05:00:00+0200,617,627
2015-07-15T04:00:00Z,2015-07-15T06:00:00+0200,606,661
2015-07-15T05:00:00Z,2015-07-15T07:00:00+0200,590,634
2015-07-15T06:00:00Z,2015-07-15T08:00:00+0200,704,655
2015-07-15T07:00:00Z,2015-07-15T09:00:00+0200,800,732
2015-07-15T08:00:00Z,2015-07-15T10:00:00+0200,755,737
2015-07-15T09:00:00Z,2015-07-15T11:00:00+0200,680,730
2015-07-15T10:00:00Z,2015-07-15T12:00:00+0200,530,716
2015-07-15T11:00:00Z,2015-07-15T13:00:00+0200,564,726
2015-07-15T12:00:00Z,2015-07-15T14:00:00+0200,536,730
2015-07-15T13:00:00Z,2015-07-15T15:00:00+0200,467,704
2015-07-15T14:00:00Z,2015-07-15T16:00:00+0200,460,784
2015-07-15T15:00:00Z,2015-07-15T17:00:00+0200,388,694
2015-07-15T16:00:00Z,2015-07-15T18:00:00+0200,304,640
2015-07-15T17:00:00Z,2015-07-15T19:00:00+0200,173,490
2015-07-15T18:00:00Z,2015-07-15T20:00:00+0200,336,620
2015-07-15T19:00:00Z,2015-07-15T21:00:00+0200,386,422
2015-07-15T20:00:00Z,2015-07-15T22:00:00+0200,327,393
2015-07-15T21:00:00Z,2015-07-15T23:00:00+0200,318,313
2015-07-15T22:00:00Z,2015-07-16T00:00:00+0200,278,232
2015-07-15T23:00:00Z,2015-07-16T01:00:00+0200,263,206
2015-07-16T00:00:00Z,2015-07-16T02:00:00+0200,386,210
2015-07-16T01:00:00Z,2015-07-16T03:00:00+0200,136,228
2015-07-16T02:00:00Z,2015-07-16T04:00:00+0200,302,249
2015-07-16T03:00:00Z,2015-07-16T05:00:00+0200,298,256
2015-07-16T04:00:00Z,2015-07-16T06:00:00+0200,293,291
2015-07-16T05:00:00Z,2015-07-16T07:00:00+0200,328,338
2015-07-16T06:00:00Z,2015-07-16T08:00:00+0200,428,451
2015-07-16T07:00:00Z,2015-07-16T09:00:00+0200,206,412
2015-07-16T08:00:00Z,2015-07-16T10:00:00+0200,522,738
2015-07-16T09:00:00Z,2015-07-16T11:00:00+0200,561,989
2015-07-16T10:00:00Z,2015-07-16T12:00:00+0200,594,1225
2015-07-16T11:00:00Z,2015-07-16T13:00:00+0200,695,1503
2015-07-16T12:00:00Z,2015-07-16T14:00:00+0200,698,1733
2015-07-16T13:00:00Z,2015-07-16T15:00:00+0200,1178,2578
2015-07-16T14:00:00Z,2015-07-16T16:00:00+0200,480,1898
2015-07-16T15:00:00Z,2015-07-16T17:00:00+0200,1418,2882
2015-07-16T16:00:00Z,2015-07-16T18:00:00+0200,825,1850
2015-07-16T17:00:00Z,2015-07-16T19:00:00+0200,2072,3160
2015-07-16T18:00:00Z,2015-07-16T20:00:00+0200,2493,3457
2015-07-16T19:00:00Z,2015-07-16T21:00:00+0200,2656,3307
2015-07-16T20:00:00Z,2015-07-16T22:00:00+0200,2792,3926
2015-07-16T21:00:00Z,2015-07-16T23:00:00+0200,2958,4217
2015-07-16T22:00:00Z,2015-07-17T00:00:00+0200,2853,4393
2015-07-16T23:00:00Z,2015-07-17T01:00:00+0200,2747,4057
2015-07-17T00:00:00Z,2015-07-17T02:00:00+0200,2784,3694
2015-07-17T01:00:00Z,2015-07-17T03:00:00+0200,2216,4076
2015-07-17T02:00:00Z,2015-07-17T04:00:00+0200,1913,3907
2015-07-17T03:00:00Z,2015-07-17T05:00:00+0200,1679,3789
2015-07-17T04:00:00Z,2015-07-17T06:00:00+0200,1844,3788
2015-07-17T05:00:00Z,2015-07-17T07:00:00+0200,1776,4009
2015-07-17T06:00:00Z,2015-07-17T08:00:00+0200,2010,4408
2015-07-17T07:00:00Z,2015-07-17T09:00:00+0200,2346,4075
2015-07-17T08:00:00Z,2015-07-17T10:00:00+0200,2279,3618
2015-07-17T09:00:00Z,2015-07-17T11:00:00+0200,2481,4428
2015-07-17T10:00:00Z,2015-07-17T12:00:00+0200,2958,3362
2015-07-17T11:00:00Z,2015-07-17T13:00:00+0200,1414,3579
2015-07-17T12:00:00Z,2015-07-17T14:00:00+0200,1529,3645
2015-07-17T13:00:00Z,2015-07-17T15:00:00+0200,3168,5048
2015-07-17T14:00:00Z,2015-07-17T16:00:00+0200,2843,4489
2015-07-17T15:00:00Z,2015-07-17T17:00:00+0200,3378,5031
2015-07-17T16:00:00Z,2015-07-17T18:00:00+0200,3292,4956
2015-07-17T17:00:00Z,2015-07-17T19:00:00+0200,3108,4948
2015-07-17T18:00:00Z,2015-07-17T20:00:00+0200,2998,4272
2015-07-17T19:00:00Z,2015-07-17T21:00:00+0200,2858,4595
2015-07-17T20:00:00Z,2015-07-17T22:00:00+0200,2878,4197
2015-07-17T21:00:00Z,2015-07-17T23:00:00+0200,2740,3812
2015-07-17T22:00:00Z,2015-07-18T00:00:00+0200,2558,3787
2015-07-17T23:00:00Z,2015-07-18T01:00:00+0200,2431,3689
2015-07-18T00:00:00Z,2015-07-18T02:00:00+0200,2402,3436
2015-07-18T01:00:00Z,2015-07-18T03:00:00+0200,2327,3784
2015-07-18T02:00:00Z,2015-07-18T04:00:00+0200,2422,3705
2015-07-18T03:00:00Z,2015-07-18T05:00:00+0200,2316,3861
2015-07-18T04:00:00Z,2015-07-18T06:00:00+0200,1235,2700
2015-07-18T05:00:00Z,2015-07-18T07:00:00+0200,1153,2394
2015-07-18T06:00:00Z,2015-07-18T08:00:00+0200,1642,2917
2015-07-18T07:00:00Z,2015-07-18T09:00:00+0200,1771,3846
2015-07-18T08:00:00Z,2015-07-18T10:00:00+0200,1721,3998
2015-07-18T09:00:00Z,2015-07-18T11:00:00+0200,1670,4159
2015-07-18T10:00:00Z,2015-07-18T12:00:00+0200,1620,4163
2015-07-18T11:00:00Z,2015-07-18T13:00:00+0200,1540,4182
2015-07-18T12:00:00Z,2015-07-18T14:00:00+0200,1657,4068
2015-07-18T13:00:00Z,2015-07-18T15:00:00+0200,1790,3912
2015-07-18T14:00:00Z,2015-07-18T16:00:00+0200,1796,4077
2015-07-18T15:00:00Z,2015-07-18T17:00:00+0200,1825,4127
2015-07-18T16:00:00Z,2015-07-18T18:00:00+0200,1758,3768
2015-07-18T17:00:00Z,2015-07-18T19:00:00+0200,1604,3195
2015-07-18T18:00:00Z,2015-07-18T20:00:00+0200,1402,2855
2015-07-18T19:00:00Z,2015-07-18T21:00:00+0200,1382,2580
2015-07-18T20:00:00Z,2015-07-18T22:00:00+0200,1170,2402
2015-07-18T21:00:00Z,2015-07-18T23:00:00+0200,1146,2437
2015-07-18T22:00:00Z,2015-07-19T00:00:00+0200,1174,1973
2015-07-18T23:00:00Z,2015-07-19T01:00:00+0200,1072,1843
2015-07-19T00:00:00Z,2015-07-19T02:00:00+0200,926,1776
2015-07-19T01:00:00Z,2015-07-19T03:00:00+0200,988,1642
2015-07-19T02:00:00Z,2015-07-19T04:00:00+0200,1058,1436
2015-07-19T03:00:00Z,2015-07-19T05:00:00+0200,502,1450
2015-07-19T04:00:00Z,2015-07-19T06:00:00+0200,1642,1803
2015-07-19T05:00:00Z,2015-07-19T07:00:00+0200,1314,1564
2015-07-19T06:00:00Z,2015-07-19T08:00:00+0200,1527,1806
2015-07-19T07:00:00Z,2015-07-19T09:00:00+0200,1701,1797
2015-07-19T08:00:00Z,2015-07-19T10:00:00+0200,1757,1913
2015-07-19T09:00:00Z,2015-07-19T11:00:00+0200,1772,1786
2015-07-19T10:00:00Z,2015-07-19T12:00:00+0200,1916,1887
2015-07-19T11:00:00Z,2015-07-19T13:00:00+0200,897,1695
2015-07-19T12:00:00Z,2015-07-19T14:00:00+0200,2392,2281
2015-07-19T13:00:00Z,2015-07-19T15:00:00+0200,2336,2313
2015-07-19T14:00:00Z,2015-07-19T16:00:00+0200,2360,2122
2015-07-19T15:00:00Z,2015-07-19T17:00:00+0200,2157,2133
2015-07-19T16:00:00Z,2015-07-19T18:00:00+0200,1784,1526
2015-07-19T17:00:00Z,2015-07-19T19:00:00+0200,1482,1200
2015-07-19T18:00:00Z,2015-07-19T20:00:00+0200,1220,963
2015-07-19T19:00:00Z,2015-07-19T21:00:00+0200,1060,588
2015-07-19T20:00:00Z,2015-07-19T22:00:00+0200,934,368
2015-07-19T21:00:00Z,2015-07-19T23:00:00+0200,853,285
2015-07-19T22:00:00Z,2015-07-20T00:00:00+0200,608,282
2015-07-19T23:00:00Z,2015-07-20T01:00:00+0200,412,257
2015-07-20T00:00:00Z,2015-07-20T02:00:00+0200,264,248
2015-07-20T01:00:00Z,2015-07-20T03:00:00+0200,225,282
2015-07-20T02:00:00Z,2015-07-20T04:00:00+0200,194,364
2015-07-20T03:00:00Z,2015-07-20T05:00:00+0200,150,524
2015-07-20T04:00:00Z,2015-07-20T06:00:00+0200,116,676
2015-07-20T05:00:00Z,2015-07-20T07:00:00+0200,314,902
2015-07-20T06:00:00Z,2015-07-20T08:00:00+0200,307,973
2015-07-20T07:00:00Z,2015-07-20T09:00:00+0200,470,1389
2015-07-20T08:00:00Z,2015-07-20T10:00:00+0200,509,1679
2015-07-20T09:00:00Z,2015-07-20T11:00:00+0200,272,1392
2015-07-20T10:00:00Z,2015-07-20T12:00:00+0200,678,2361
2015-07-20T11:00:00Z,2015-07-20T13:00:00+0200,2105,3136
2015-07-20T12:00:00Z,2015-07-20T14:00:00+0200,1716,2954
2015-07-20T13:00:00Z,2015-07-20T15:00:00+0200,790,2056
2015-07-20T14:00:00Z,2015-07-20T16:00:00+0200,1749,3142
2015-07-20T15:00:00Z,2015-07-20T17:00:00+0200,2776,3033
2015-07-20T16:00:00Z,2015-07-20T18:00:00+0200,1466,2114
2015-07-20T17:00:00Z,2015-07-20T19:00:00+0200,1445,2099
2015-07-20T18:00:00Z,2015-07-20T20:00:00+0200,2645,2972
2015-07-20T19:00:00Z,2015-07-20T21:00:00+0200,2744,2793
2015-07-20T20:00:00Z,2015-07-20T22:00:00+0200,3086,2650
2015-07-20T21:00:00Z,2015-07-20T23:00:00+0200,3125,2570
2015-07-20T22:00:00Z,2015-07-21T00:00:00+0200,1677,1900
2015-07-20T23:00:00Z,2015-07-21T01:00:00+0200,2878,3155
2015-07-21T00:00:00Z,2015-07-21T02:00:00+0200,3166,2670
2015-07-21T01:00:00Z,2015-07-21T03:00:00+0200,2574,2849
2015-07-21T02:00:00Z,2015-07-21T04:00:00+0200,2634,2882
2015-07-21T03:00:00Z,2015-07-21T05:00:00+0200,2475,3045
2015-07-21T04:00:00Z,2015-07-21T06:00:00+0200,2226,3142
2015-07-21T05:00:00Z,2015-07-21T07:00:00+0200,1906,2919
2015-07-21T06:00:00Z,2015-07-21T08:00:00+0200,1824,2935
2015-07-21T07:00:00Z,2015-07-21T09:00:00+0200,1771,3187
2015-07-21T08:00:00Z,2015-07-21T10:00:00+0200,2266,2693
2015-07-21T09:00:00Z,2015-07-21T11:00:00+0200,1000,2074
2015-07-21T10:00:00Z,2015-07-21T12:00:00+0200,1862,2866
2015-07-21T11:00:00Z,2015-07-21T13:00:00+0200,887,2293
2015-07-21T12:00:00Z,2015-07-21T14:00:00+0200,1740,2906
2015-07-21T13:00:00Z,2015-07-21T15:00:00+0200,1072,1972
2015-07-21T14:00:00Z,2015-07-21T16:00:00+0200,2471,2522
2015-07-21T15:00:00Z,2015-07-21T17:00:00+0200,2350,1970
2015-07-21T16:00:00Z,2015-07-21T18:00:00+0200,2212,1844
2015-07-21T17:00:00Z,2015-07-21T19:00:00+0200,2427,2372
2015-07-21T18:00:00Z,2015-07-21T20:00:00+0200,2240,1998
2015-07-21T19:00:00Z,2015-07-21T21:00:00+0200,1140,1529
2015-07-21T20:00:00Z,2015-07-21T22:00:00+0200,994,1021
2015-07-21T21:00:00Z,2015-07-21T23:00:00+0200,1548,1144
2015-07-21T22:00:00Z,2015-07-22T00:00:00+0200,1381,1087
2015-07-21T23:00:00Z,2015-07-22T01:00:00+0200,980,765
2015-07-22T00:00:00Z,2015-07-22T02:00:00+0200,1200,924
2015-07-22T01:00:00Z,2015-07-22T03:00:00+0200,962,862
2015-07-22T02:00:00Z,2015-07-22T04:00:00+0200,986,781
2015-07-22T03:00:00Z,2015-07-22T05:00:00+0200,962,694
2015-07-22T04:00:00Z,2015-07-22T06:00:00+0200,882,618
2015-07-22T05:00:00Z,2015-07-22T07:00:00+0200,687,582
2015-07-22T06:00:00Z,2015-07-22T08:00:00+0200,476,524
2015-07-22T07:00:00Z,2015-07-22T09:00:00+0200,400,564
2015-07-22T08:00:00Z,2015-07-22T10:00:00+0200,366,666
2015-07-22T09:00:00Z,2015-07-22T11:00:00+0200,455,748
2015-07-22T10:00:00Z,2015-07-22T12:00:00+0200,320,877
2015-07-22T11:00:00Z,2015-07-22T13:00:00+0200,473,1080
2015-07-22T12:00:00Z,2015-07-22T14:00:00+0200,688,1193
2015-07-22T13:00:00Z,2015-07-22T15:00:00+0200,808,1475
2015-07-22T14:00:00Z,2015-07-22T16:00:00+0200,1050,1856
2015-07-22T15:00:00Z,2015-07-22T17:00:00+0200,1052,1944
2015-07-22T16:00:00Z,2015-07-22T18:00:00+0200,1152,1660
2015-07-22T17:00:00Z,2015-07-22T19:00:00+0200,1341,1840
2015-07-22T18:00:00Z,2015-07-22T20:00:00+0200,947,1786
2015-07-22T19:00:00Z,2015-07-22T21:00:00+0200,909,1832
2015-07-22T20:00:00Z,2015-07-22T22:00:00+0200,668,1668
2015-07-22T21:00:00Z,2015-07-22T23:00:00+0200,789,1701
2015-07-22T22:00:00Z,2015-07-23T00:00:00+0200,412,1774
2015-07-22T23:00:00Z,2015-07-23T01:00:00+0200,672,1882
2015-07-23T00:00:00Z,2015-07-23T02:00:00+0200,379,1331
2015-07-23T01:00:00Z,2015-07-23T03:00:00+0200,534,1920
2015-07-23T02:00:00Z,2015-07-23T04:00:00+0200,508,1990
2015-07-23T03:00:00Z,2015-07-23T05:00:00+0200,575,2054
2015-07-23T04:00:00Z,2015-07-23T06:00:00+0200,643,2157
2015-07-23T05:00:00Z,2015-07-23T07:00:00+0200,625,2323
2015-07-23T06:00:00Z,2015-07-23T08:00:00+0200,516,2652
2015-07-23T07:00:00Z,2015-07-23T09:00:00+0200,541,2695
2015-07-23T08:00:00Z,2015-07-23T10:00:00+0200,260,2054
2015-07-23T09:00:00Z,2015-07-23T11:00:00+0200,512,3108
2015-07-23T10:00:00Z,2015-07-23T12:00:00+0200,425,3239
2015-07-23T11:00:00Z,2015-07-23T13:00:00+0200,546,3217
2015-07-23T12:00:00Z,2015-07-23T14:00:00+0200,614,3322
2015-07-23T13:00:00Z,2015-07-23T15:00:00+0200,648,3271
2015-07-23T14:00:00Z,2015-07-23T16:00:00+0200,618,3127
2015-07-23T15:00:00Z,2015-07-23T17:00:00+0200,704,2758
2015-07-23T16:00:00Z,2015-07-23T18:00:00+0200,760,2434
2015-07-23T17:00:00Z,2015-07-23T19:00:00+0200,774,2194
2015-07-23T18:00:00Z,2015-07-23T20:00:00+0200,648,1906
2015-07-23T19:00:00Z,2015-07-23T21:00:00+0200,554,1501
2015-07-23T20:00:00Z,2015-07-23T22:00:00+0200,384,1344
2015-07-23T21:00:00Z,2015-07-23T23:00:00+0200,230,1186
2015-07-23T22:00:00Z,2015-07-24T00:00:00+0200,156,1024
2015-07-23T23:00:00Z,2015-07-24T01:00:00+0200,112,869
2015-07-24T00:00:00Z,2015-07-24T02:00:00+0200,72,808
2015-07-24T01:00:00Z,2015-07-24T03:00:00+0200,50,779
2015-07-24T02:00:00Z,2015-07-24T04:00:00+0200,82,719
2015-07-24T03:00:00Z,2015-07-24T05:00:00+0200,106,505
2015-07-24T04:00:00Z,2015-07-24T06:00:00+0200,108,428
2015-07-24T05:00:00Z,2015-07-24T07:00:00+0200,96,379
2015-07-24T06:00:00Z,2015-07-24T08:00:00+0200,69,289
2015-07-24T07:00:00Z,2015-07-24T09:00:00+0200,122,345
2015-07-24T08:00:00Z,2015-07-24T10:00:00+0200,72,316
2015-07-24T09:00:00Z,2015-07-24T11:00:00+0200,119,322
2015-07-24T10:00:00Z,2015-07-24T12:00:00+0200,144,331
2015-07-24T11:00:00Z,2015-07-24T13:00:00+0200,155,389
2015-07-24T12:00:00Z,2015-07-24T14:00:00+0200,114,426
2015-07-24T13:00:00Z,2015-07-24T15:00:00+0200,290,408
2015-07-24T14:00:00Z,2015-07-24T16:00:00+0200,754,529
2015-07-24T15:00:00Z,2015-07-24T17:00:00+0200,1429,689
2015-07-24T16:00:00Z,2015-07-24T18:00:00+0200,1998,856
2015-07-24T17:00:00Z,2015-07-24T19:00:00+0200,2167,738
2015-07-24T18:00:00Z,2015-07-24T20:00:00+0200,2012,875
2015-07-24T19:00:00Z,2015-07-24T21:00:00+0200,2568,1044
2015-07-24T20:00:00Z,2015-07-24T22:00:00+0200,2704,1088
2015-07-24T21:00:00Z,2015-07-24T23:00:00+0200,2656,1084
2015-07-24T22:00:00Z,2015-07-25T00:00:00+0200,2640,1116
2015-07-24T23:00:00Z,2015-07-25T01:00:00+0200,2369,1194
2015-07-25T00:00:00Z,2015-07-25T02:00:00+0200,2761,1134
2015-07-25T01:00:00Z,2015-07-25T03:00:00+0200,3188,1273
2015-07-25T02:00:00Z,2015-07-25T04:00:00+0200,2014,1207
2015-07-25T03:00:00Z,2015-07-25T05:00:00+0200,3268,1358
2015-07-25T04:00:00Z,2015-07-25T06:00:00+0200,3264,1486
2015-07-25T05:00:00Z,2015-07-25T07:00:00+0200,3151,1030
2015-07-25T06:00:00Z,2015-07-25T08:00:00+0200,3032,1316
2015-07-25T07:00:00Z,2015-07-25T09:00:00+0200,2904,1326
2015-07-25T08:00:00Z,2015-07-25T10:00:00+0200,2925,1409
2015-07-25T09:00:00Z,2015-07-25T11:00:00+0200,2828,1413
2015-07-25T10:00:00Z,2015-07-25T12:00:00+0200,2703,1364
2015-07-25T11:00:00Z,2015-07-25T13:00:00+0200,2312,1416
2015-07-25T12:00:00Z,2015-07-25T14:00:00+0200,1814,1306
2015-07-25T13:00:00Z,2015-07-25T15:00:00+0200,1211,977
2015-07-25T14:00:00Z,2015-07-25T16:00:00+0200,621,732
2015-07-25T15:00:00Z,2015-07-25T17:00:00+0200,342,615
2015-07-25T16:00:00Z,2015-07-25T18:00:00+0200,226,432
2015-07-25T17:00:00Z,2015-07-25T19:00:00+0200,208,281
2015-07-25T18:00:00Z,2015-07-25T20:00:00+0200,218,221
2015-07-25T19:00:00Z,2015-07-25T21:00:00+0200,257,176
2015-07-25T20:00:00Z,2015-07-25T22:00:00+0200,128,333
2015-07-25T21:00:00Z,2015-07-25T23:00:00+0200,103,339
2015-07-25T22:00:00Z,2015-07-26T00:00:00+0200,103,342
2015-07-25T23:00:00Z,2015-07-26T01:00:00+0200,238,296
2015-07-26T00:00:00Z,2015-07-26T02:00:00+0200,380,233
2015-07-26T01:00:00Z,2015-07-26T03:00:00+0200,1233,1465
2015-07-26T02:00:00Z,2015-07-26T04:00:00+0200,1422,1746
2015-07-26T03:00:00Z,2015-07-26T05:00:00+0200,217,691
2015-07-26T04:00:00Z,2015-07-26T06:00:00+0200,1484,2064
2015-07-26T05:00:00Z,2015-07-26T07:00:00+0200,148,951
2015-07-26T06:00:00Z,2015-07-26T08:00:00+0200,219,1097
2015-07-26T07:00:00Z,2015-07-26T09:00:00+0200,843,1647
2015-07-26T08:00:00Z,2015-07-26T10:00:00+0200,1125,2047
2015-07-26T09:00:00Z,2015-07-26T11:00:00+0200,1718,2399
2015-07-26T10:00:00Z,2015-07-26T12:00:00+0200,2374,2903
2015-07-26T11:00:00Z,2015-07-26T13:00:00+0200,2760,3269
2015-07-26T12:00:00Z,2015-07-26T14:00:00+0200,2584,2674
2015-07-26T13:00:00Z,2015-07-26T15:00:00+0200,3041,3366
2015-07-26T14:00:00Z,2015-07-26T16:00:00+0200,2994,3095
2015-07-26T15:00:00Z,2015-07-26T17:00:00+0200,1656,2388
2015-07-26T16:00:00Z,2015-07-26T18:00:00+0200,3187,3077
2015-07-26T17:00:00Z,2015-07-26T19:00:00+0200,2766,3145
2015-07-26T18:00:00Z,2015-07-26T20:00:00+0200,2716,2661
2015-07-26T19:00:00Z,2015-07-26T21:00:00+0200,2395,2462
2015-07-26T20:00:00Z,2015-07-26T22:00:00+0200,2426,2382
2015-07-26T21:00:00Z,2015-07-26T23:00:00+0200,1185,1767
2015-07-26T22:00:00Z,2015-07-27T00:00:00+0200,2187,2407
2015-07-26T23:00:00Z,2015-07-27T01:00:00+0200,2140,2388
2015-07-27T00:00:00Z,2015-07-27T02:00:00+0200,2228,2469
2015-07-27T01:00:00Z,2015-07-27T03:00:00+0200,2190,2408
2015-07-27T02:00:00Z,2015-07-27T04:00:00+0200,2165,2395
2015-07-27T03:00:00Z,2015-07-27T05:00:00+0200,1153,1726
2015-07-27T04:00:00Z,2015-07-27T06:00:00+0200,1058,1685
2015-07-27T05:00:00Z,2015-07-27T07:00:00+0200,1996,2315
2015-07-27T06:00:00Z,2015-07-27T08:00:00+0200,2138,2358
2015-07-27T07:00:00Z,2015-07-27T09:00:00+0200,2080,2333
2015-07-27T08:00:00Z,2015-07-27T10:00:00+0200,1191,1884
2015-07-27T09:00:00Z,2015-07-27T11:00:00+0200,2336,2657
2015-07-27T10:00:00Z,2015-07-27T12:00:00+0200,1231,1875
2015-07-27T11:00:00Z,2015-07-27T13:00:00+0200,2195,2396
2015-07-27T12:00:00Z,2015-07-27T14:00:00+0200,2139,2388
2015-07-27T13:00:00Z,2015-07-27T15:00:00+0200,2188,2325
2015-07-27T14:00:00Z,2015-07-27T16:00:00+0200,2150,2284
2015-07-27T15:00:00Z,2015-07-27T17:00:00+0200,1946,2245
2015-07-27T16:00:00Z,2015-07-27T18:00:00+0200,1879,1897
2015-07-27T17:00:00Z,2015-07-27T19:00:00+0200,1888,1988
2015-07-27T18:00:00Z,2015-07-27T20:00:00+0200,950,1521
2015-07-27T19:00:00Z,2015-07-27T21:00:00+0200,1770,1629
2015-07-27T20:00:00Z,2015-07-27T22:00:00+0200,936,1211
2015-07-27T21:00:00Z,2015-07-27T23:00:00+0200,1932,1475
2015-07-27T22:00:00Z,2015-07-28T00:00:00+0200,2075,1467
2015-07-27T23:00:00Z,2015-07-28T01:00:00+0200,2354,1529
2015-07-28T00:00:00Z,2015-07-28T02:00:00+0200,2233,1499
2015-07-28T01:00:00Z,2015-07-28T03:00:00+0200,2201,1669
2015-07-28T02:00:00Z,2015-07-28T04:00:00+0200,1116,1677
2015-07-28T03:00:00Z,2015-07-28T05:00:00+0200,2130,1689
2015-07-28T04:00:00Z,2015-07-28T06:00:00+0200,2343,1686
2015-07-28T05:00:00Z,2015-07-28T07:00:00+0200,2091,1792
2015-07-28T06:00:00Z,2015-07-28T08:00:00+0200,1309,1293
2015-07-28T07:00:00Z,2015-07-28T09:00:00+0200,2582,1641
2015-07-28T08:00:00Z,2015-07-28T10:00:00+0200,2461,1497
2015-07-28T09:00:00Z,2015-07-28T11:00:00+0200,2408,1528
2015-07-28T10:00:00Z,2015-07-28T12:00:00+0200,2306,1640
2015-07-28T11:00:00Z,2015-07-28T13:00:00+0200,2202,1715
2015-07-28T12:00:00Z,2015-07-28T14:00:00+0200,2137,1793
2015-07-28T13:00:00Z,2015-07-28T15:00:00+0200,1939,1796
2015-07-28T14:00:00Z,2015-07-28T16:00:00+0200,1804,1572
2015-07-28T15:00:00Z,2015-07-28T17:00:00+0200,1650,1399
2015-07-28T16:00:00Z,2015-07-28T18:00:00+0200,1574,1224
2015-07-28T17:00:00Z,2015-07-28T19:00:00+0200,1475,1336
2015-07-28T18:00:00Z,2015-07-28T20:00:00+0200,693,1254
2015-07-28T19:00:00Z,2015-07-28T21:00:00+0200,1052,1110
2015-07-28T20:00:00Z,2015-07-28T22:00:00+0200,1285,1151
2015-07-28T21:00:00Z,2015-07-28T23:00:00+0200,1579,1163
2015-07-28T22:00:00Z,2015-07-29T00:00:00+0200,1561,1221
2015-07-28T23:00:00Z,2015-07-29T01:00:00+0200,1966,1365
2015-07-29T00:00:00Z,2015-07-29T02:00:00+0200,1896,1466
2015-07-29T01:00:00Z,2015-07-29T03:00:00+0200,1766,1521
2015-07-29T02:00:00Z,2015-07-29T04:00:00+0200,1665,1599
2015-07-29T03:00:00Z,2015-07-29T05:00:00+0200,1738,1551
2015-07-29T04:00:00Z,2015-07-29T06:00:00+0200,1829,1521
2015-07-29T05:00:00Z,2015-07-29T07:00:00+0200,1654,1658
2015-07-29T06:00:00Z,2015-07-29T08:00:00+0200,906,1194
2015-07-29T07:00:00Z,2015-07-29T09:00:00+0200,1640,1726
2015-07-29T08:00:00Z,2015-07-29T10:00:00+0200,1535,1789
2015-07-29T09:00:00Z,2015-07-29T11:00:00+0200,1626,1968
2015-07-29T10:00:00Z,2015-07-29T12:00:00+0200,1382,1991
2015-07-29T11:00:00Z,2015-07-29T13:00:00+0200,1490,2085
2015-07-29T12:00:00Z,2015-07-29T14:00:00+0200,1400,2270
2015-07-29T13:00:00Z,2015-07-29T15:00:00+0200,1394,2222
2015-07-29T14:00:00Z,2015-07-29T16:00:00+0200,1319,2310
2015-07-29T15:00:00Z,2015-07-29T17:00:00+0200,679,1718
2015-07-29T16:00:00Z,2015-07-29T18:00:00+0200,1139,2196
2015-07-29T17:00:00Z,2015-07-29T19:00:00+0200,1076,2326
2015-07-29T18:00:00Z,2015-07-29T20:00:00+0200,1014,2248
2015-07-29T19:00:00Z,2015-07-29T21:00:00+0200,947,2206
2015-07-29T20:00:00Z,2015-07-29T22:00:00+0200,493,1312
2015-07-29T21:00:00Z,2015-07-29T23:00:00+0200,542,1215
2015-07-29T22:00:00Z,2015-07-30T00:00:00+0200,426,1232
2015-07-29T23:00:00Z,2015-07-30T01:00:00+0200,355,1146
2015-07-30T00:00:00Z,2015-07-30T02:00:00+0200,371,1099
2015-07-30T01:00:00Z,2015-07-30T03:00:00+0200,436,1180
2015-07-30T02:00:00Z,2015-07-30T04:00:00+0200,465,1240
2015-07-30T03:00:00Z,2015-07-30T05:00:00+0200,493,1253
2015-07-30T04:00:00Z,2015-07-30T06:00:00+0200,624,1230
2015-07-30T05:00:00Z,2015-07-30T07:00:00+0200,638,1177
2015-07-30T06:00:00Z,2015-07-30T08:00:00+0200,605,1134
2015-07-30T07:00:00Z,2015-07-30T09:00:00+0200,1057,1756
2015-07-30T08:00:00Z,2015-07-30T10:00:00+0200,530,1202
2015-07-30T09:00:00Z,2015-07-30T11:00:00+0200,436,1096
2015-07-30T10:00:00Z,2015-07-30T12:00:00+0200,393,971
2015-07-30T11:00:00Z,2015-07-30T13:00:00+0200,321,962
2015-07-30T12:00:00Z,2015-07-30T14:00:00+0200,254,895
2015-07-30T13:00:00Z,2015-07-30T15:00:00+0200,285,988
2015-07-30T14:00:00Z,2015-07-30T16:00:00+0200,240,894
2015-07-30T15:00:00Z,2015-07-30T17:00:00+0200,215,893
2015-07-30T16:00:00Z,2015-07-30T18:00:00+0200,204,788
2015-07-30T17:00:00Z,2015-07-30T19:00:00+0200,114,655
2015-07-30T18:00:00Z,2015-07-30T20:00:00+0200,84,587
2015-07-30T19:00:00Z,2015-07-30T21:00:00+0200,123,397
2015-07-30T20:00:00Z,2015-07-30T22:00:00+0200,94,338
2015-07-30T21:00:00Z,2015-07-30T23:00:00+0200,79,320
2015-07-30T22:00:00Z,2015-07-31T00:00:00+0200,84,454
2015-07-30T23:00:00Z,2015-07-31T01:00:00+0200,81,389
2015-07-31T00:00:00Z,2015-07-31T02:00:00+0200,72,412
2015-07-31T01:00:00Z,2015-07-31T03:00:00+0200,89,401
2015-07-31T02:00:00Z,2015-07-31T04:00:00+0200,130,656
2015-07-31T03:00:00Z,2015-07-31T05:00:00+0200,109,468
2015-07-31T04:00:00Z,2015-07-31T06:00:00+0200,109,724
2015-07-31T05:00:00Z,2015-07-31T07:00:00+0200,124,543
2015-07-31T06:00:00Z,2015-07-31T08:00:00+0200,230,1301
2015-07-31T07:00:00Z,2015-07-31T09:00:00+0200,123,644
2015-07-31T08:00:00Z,2015-07-31T10:00:00+0200,114,1060
2015-07-31T09:00:00Z,2015-07-31T11:00:00+0200,168,910
2015-07-31T10:00:00Z,2015-07-31T12:00:00+0200,169,1472
2015-07-31T11:00:00Z,2015-07-31T13:00:00+0200,213,1313
2015-07-31T12:00:00Z,2015-07-31T14:00:00+0200,286,1874
2015-07-31T13:00:00Z,2015-07-31T15:00:00+0200,271,1710
2015-07-31T14:00:00Z,2015-07-31T16:00:00+0200,240,1928
2015-07-31T15:00:00Z,2015-07-31T17:00:00+0200,288,1897
2015-07-31T16:00:00Z,2015-07-31T18:00:00+0200,330,1860
2015-07-31T17:00:00Z,2015-07-31T19:00:00+0200,399,1832
2015-07-31T18:00:00Z,2015-07-31T20:00:00+0200,488,1832
2015-07-31T19:00:00Z,2015-07-31T21:00:00+0200,533,1616
2015-07-31T20:00:00Z,2015-07-31T22:00:00+0200,653,1612
2015-07-31T21:00:00Z,2015-07-31T23:00:00+0200,685,1548
2015-07-31T22:00:00Z,2015-08-01T00:00:00+0200,709,1372
2015-07-31T23:00:00Z,2015-08-01T01:00:00+0200,730,1420
2015-08-01T00:00:00Z,2015-08-01T02:00:00+0200,1394,1430
2015-08-01T01:00:00Z,2015-08-01T03:00:00+0200,600,2015
2015-08-01T02:00:00Z,2015-08-01T04:00:00+0200,377,1860
2015-08-01T03:00:00Z,2015-08-01T05:00:00+0200,406,1760
2015-08-01T04:00:00Z,2015-08-01T06:00:00+0200,504,1131
2015-08-01T05:00:00Z,2015-08-01T07:00:00+0200,272,954
2015-08-01T06:00:00Z,2015-08-01T08:00:00+0200,550,1054
2015-08-01T07:00:00Z,2015-08-01T09:00:00+0200,239,1247
2015-08-01T08:00:00Z,2015-08-01T10:00:00+0200,223,1072
2015-08-01T09:00:00Z,2015-08-01T11:00:00+0200,352,2362
2015-08-01T10:00:00Z,2015-08-01T12:00:00+0200,291,2348
2015-08-01T11:00:00Z,2015-08-01T13:00:00+0200,175,2014
2015-08-01T12:00:00Z,2015-08-01T14:00:00+0200,344,2408
2015-08-01T13:00:00Z,2015-08-01T15:00:00+0200,367,2829
2015-08-01T14:00:00Z,2015-08-01T16:00:00+0200,536,2773
2015-08-01T15:00:00Z,2015-08-01T17:00:00+0200,820,2058
2015-08-01T16:00:00Z,2015-08-01T18:00:00+0200,688,2696
2015-08-01T17:00:00Z,2015-08-01T19:00:00+0200,898,2150
2015-08-01T18:00:00Z,2015-08-01T20:00:00+0200,733,2031
2015-08-01T19:00:00Z,2015-08-01T21:00:00+0200,698,1882
2015-08-01T20:00:00Z,2015-08-01T22:00:00+0200,470,983
2015-08-01T21:00:00Z,2015-08-01T23:00:00+0200,393,873
2015-08-01T22:00:00Z,2015-08-02T00:00:00+0200,601,1166
2015-08-01T23:00:00Z,2015-08-02T01:00:00+0200,476,1066
2015-08-02T00:00:00Z,2015-08-02T02:00:00+0200,328,799
2015-08-02T01:00:00Z,2015-08-02T03:00:00+0200,339,832
2015-08-02T02:00:00Z,2015-08-02T04:00:00+0200,282,675
2015-08-02T03:00:00Z,2015-08-02T05:00:00+0200,128,661
2015-08-02T04:00:00Z,2015-08-02T06:00:00+0200,84,604
2015-08-02T05:00:00Z,2015-08-02T07:00:00+0200,49,395
2015-08-02T06:00:00Z,2015-08-02T08:00:00+0200,110,582
2015-08-02T07:00:00Z,2015-08-02T09:00:00+0200,139,712
2015-08-02T08:00:00Z,2015-08-02T10:00:00+0200,126,972
2015-08-02T09:00:00Z,2015-08-02T11:00:00+0200,66,979
2015-08-02T10:00:00Z,2015-08-02T12:00:00+0200,240,1118
2015-08-02T11:00:00Z,2015-08-02T13:00:00+0200,287,1627
2015-08-02T12:00:00Z,2015-08-02T14:00:00+0200,470,1586
2015-08-02T13:00:00Z,2015-08-02T15:00:00+0200,833,2294
2015-08-02T14:00:00Z,2015-08-02T16:00:00+0200,1215,2135
2015-08-02T15:00:00Z,2015-08-02T17:00:00+0200,1301,2601
2015-08-02T16:00:00Z,2015-08-02T18:00:00+0200,1176,2756
2015-08-02T17:00:00Z,2015-08-02T19:00:00+0200,862,2534
2015-08-02T18:00:00Z,2015-08-02T20:00:00+0200,922,2681
2015-08-02T19:00:00Z,2015-08-02T21:00:00+0200,907,2299
2015-08-02T20:00:00Z,2015-08-02T22:00:00+0200,2112,3560
2015-08-02T21:00:00Z,2015-08-02T23:00:00+0200,2676,3318
2015-08-02T22:00:00Z,2015-08-03T00:00:00+0200,2768,3269
2015-08-02T23:00:00Z,2015-08-03T01:00:00+0200,3094,3677
2015-08-03T00:00:00Z,2015-08-03T02:00:00+0200,3173,3568
2015-08-03T01:00:00Z,2015-08-03T03:00:00+0200,3228,3294
2015-08-03T02:00:00Z,2015-08-03T04:00:00+0200,2428,3507
2015-08-03T03:00:00Z,2015-08-03T05:00:00+0200,1617,2500
2015-08-03T04:00:00Z,2015-08-03T06:00:00+0200,2921,3503
2015-08-03T05:00:00Z,2015-08-03T07:00:00+0200,2192,3472
2015-08-03T06:00:00Z,2015-08-03T08:00:00+0200,2142,3873
2015-08-03T07:00:00Z,2015-08-03T09:00:00+0200,1851,3302
2015-08-03T08:00:00Z,2015-08-03T10:00:00+0200,1729,3716
2015-08-03T09:00:00Z,2015-08-03T11:00:00+0200,2035,3544
2015-08-03T10:00:00Z,2015-08-03T12:00:00+0200,907,2882
2015-08-03T11:00:00Z,2015-08-03T13:00:00+0200,1746,3567
2015-08-03T12:00:00Z,2015-08-03T14:00:00+0200,1003,2734
2015-08-03T13:00:00Z,2015-08-03T15:00:00+0200,2196,3542
2015-08-03T14:00:00Z,2015-08-03T16:00:00+0200,2310,3941
2015-08-03T15:00:00Z,2015-08-03T17:00:00+0200,2265,3961
2015-08-03T16:00:00Z,2015-08-03T18:00:00+0200,1944,3805
2015-08-03T17:00:00Z,2015-08-03T19:00:00+0200,2082,3234
2015-08-03T18:00:00Z,2015-08-03T20:00:00+0200,2016,3010
2015-08-03T19:00:00Z,2015-08-03T21:00:00+0200,1820,3672
2015-08-03T20:00:00Z,2015-08-03T22:00:00+0200,1578,3631
2015-08-03T21:00:00Z,2015-08-03T23:00:00+0200,1468,3595
2015-08-03T22:00:00Z,2015-08-04T00:00:00+0200,725,2781
2015-08-03T23:00:00Z,2015-08-04T01:00:00+0200,1626,3344
2015-08-04T00:00:00Z,2015-08-04T02:00:00+0200,1694,3186
2015-08-04T01:00:00Z,2015-08-04T03:00:00+0200,1728,3534
2015-08-04T02:00:00Z,2015-08-04T04:00:00+0200,2012,3547
2015-08-04T03:00:00Z,2015-08-04T05:00:00+0200,2060,4084
2015-08-04T04:00:00Z,2015-08-04T06:00:00+0200,1799,4052
2015-08-04T05:00:00Z,2015-08-04T07:00:00+0200,2278,3885
2015-08-04T06:00:00Z,2015-08-04T08:00:00+0200,2244,4316
2015-08-04T07:00:00Z,2015-08-04T09:00:00+0200,2652,4644
2015-08-04T08:00:00Z,2015-08-04T10:00:00+0200,2181,4389
2015-08-04T09:00:00Z,2015-08-04T11:00:00+0200,2348,5058
2015-08-04T10:00:00Z,2015-08-04T12:00:00+0200,2432,5067
2015-08-04T11:00:00Z,2015-08-04T13:00:00+0200,2894,5074
2015-08-04T12:00:00Z,2015-08-04T14:00:00+0200,3052,4891
2015-08-04T13:00:00Z,2015-08-04T15:00:00+0200,2809,4983
2015-08-04T14:00:00Z,2015-08-04T16:00:00+0200,2937,4894
2015-08-04T15:00:00Z,2015-08-04T17:00:00+0200,2922,4292
2015-08-04T16:00:00Z,2015-08-04T18:00:00+0200,2972,4180
2015-08-04T17:00:00Z,2015-08-04T19:00:00+0200,3108,3833
2015-08-04T18:00:00Z,2015-08-04T20:00:00+0200,2994,3558
2015-08-04T19:00:00Z,2015-08-04T21:00:00+0200,2907,4240
2015-08-04T20:00:00Z,2015-08-04T22:00:00+0200,1486,2995
2015-08-04T21:00:00Z,2015-08-04T23:00:00+0200,1548,2582
2015-08-04T22:00:00Z,2015-08-05T00:00:00+0200,2830,3303
2015-08-04T23:00:00Z,2015-08-05T01:00:00+0200,2420,3312
2015-08-05T00:00:00Z,2015-08-05T02:00:00+0200,1888,2441
2015-08-05T01:00:00Z,2015-08-05T03:00:00+0200,1871,2890
2015-08-05T02:00:00Z,2015-08-05T04:00:00+0200,1646,2619
2015-08-05T03:00:00Z,2015-08-05T05:00:00+0200,1348,2145
2015-08-05T04:00:00Z,2015-08-05T06:00:00+0200,1020,1997
2015-08-05T05:00:00Z,2015-08-05T07:00:00+0200,917,2055
2015-08-05T06:00:00Z,2015-08-05T08:00:00+0200,857,1771
2015-08-05T07:00:00Z,2015-08-05T09:00:00+0200,942,1790
2015-08-05T08:00:00Z,2015-08-05T10:00:00+0200,1000,2023
2015-08-05T09:00:00Z,2015-08-05T11:00:00+0200,843,2264
2015-08-05T10:00:00Z,2015-08-05T12:00:00+0200,444,2690
2015-08-05T11:00:00Z,2015-08-05T13:00:00+0200,954,2784
2015-08-05T12:00:00Z,2015-08-05T14:00:00+0200,1030,3231
2015-08-05T13:00:00Z,2015-08-05T15:00:00+0200,966,3133
2015-08-05T14:00:00Z,2015-08-05T16:00:00+0200,1100,3306
2015-08-05T15:00:00Z,2015-08-05T17:00:00+0200,1129,2833
2015-08-05T16:00:00Z,2015-08-05T18:00:00+0200,965,3001
2015-08-05T17:00:00Z,2015-08-05T19:00:00+0200,468,2337
2015-08-05T18:00:00Z,2015-08-05T20:00:00+0200,1104,3067
2015-08-05T19:00:00Z,2015-08-05T21:00:00+0200,1141,3152
2015-08-05T20:00:00Z,2015-08-05T22:00:00+0200,1142,2241
2015-08-05T21:00:00Z,2015-08-05T23:00:00+0200,1216,3146
2015-08-05T22:00:00Z,2015-08-06T00:00:00+0200,1078,3252
2015-08-05T23:00:00Z,2015-08-06T01:00:00+0200,1124,2663
2015-08-06T00:00:00Z,2015-08-06T02:00:00+0200,1065,1431
2015-08-06T01:00:00Z,2015-08-06T03:00:00+0200,879,1844
2015-08-06T02:00:00Z,2015-08-06T04:00:00+0200,852,1602
2015-08-06T03:00:00Z,2015-08-06T05:00:00+0200,1086,1542
2015-08-06T04:00:00Z,2015-08-06T06:00:00+0200,1021,1493
2015-08-06T05:00:00Z,2015-08-06T07:00:00+0200,554,966
2015-08-06T06:00:00Z,2015-08-06T08:00:00+0200,1268,1321
2015-08-06T07:00:00Z,2015-08-06T09:00:00+0200,1142,1403
2015-08-06T08:00:00Z,2015-08-06T10:00:00+0200,1248,1583
2015-08-06T09:00:00Z,2015-08-06T11:00:00+0200,1313,1534
2015-08-06T10:00:00Z,2015-08-06T12:00:00+0200,1080,1596
2015-08-06T11:00:00Z,2015-08-06T13:00:00+0200,1042,1265
2015-08-06T12:00:00Z,2015-08-06T14:00:00+0200,1394,1685
2015-08-06T13:00:00Z,2015-08-06T15:00:00+0200,684,1148
2015-08-06T14:00:00Z,2015-08-06T16:00:00+0200,1181,1568
2015-08-06T15:00:00Z,2015-08-06T17:00:00+0200,1347,1574
2015-08-06T16:00:00Z,2015-08-06T18:00:00+0200,1163,1524
2015-08-06T17:00:00Z,2015-08-06T19:00:00+0200,1076,1342
2015-08-06T18:00:00Z,2015-08-06T20:00:00+0200,1024,1116
2015-08-06T19:00:00Z,2015-08-06T21:00:00+0200,586,607
2015-08-06T20:00:00Z,2015-08-06T22:00:00+0200,978,835
2015-08-06T21:00:00Z,2015-08-06T23:00:00+0200,896,832
2015-08-06T22:00:00Z,2015-08-07T00:00:00+0200,614,727
2015-08-06T23:00:00Z,2015-08-07T01:00:00+0200,504,666
2015-08-07T00:00:00Z,2015-08-07T02:00:00+0200,300,486
2015-08-07T01:00:00Z,2015-08-07T03:00:00+0200,288,396
2015-08-07T02:00:00Z,2015-08-07T04:00:00+0200,181,463
2015-08-07T03:00:00Z,2015-08-07T05:00:00+0200,110,336
2015-08-07T04:00:00Z,2015-08-07T06:00:00+0200,143,382
2015-08-07T05:00:00Z,2015-08-07T07:00:00+0200,178,373
2015-08-07T06:00:00Z,2015-08-07T08:00:00+0200,159,241
2015-08-07T07:00:00Z,2015-08-07T09:00:00+0200,174,535
2015-08-07T08:00:00Z,2015-08-07T10:00:00+0200,80,366
2015-08-07T09:00:00Z,2015-08-07T11:00:00+0200,180,507
2015-08-07T10:00:00Z,2015-08-07T12:00:00+0200,72,556
2015-08-07T11:00:00Z,2015-08-07T13:00:00+0200,53,378
2015-08-07T12:00:00Z,2015-08-07T14:00:00+0200,27,399
2015-08-07T13:00:00Z,2015-08-07T15:00:00+0200,116,623
2015-08-07T14:00:00Z,2015-08-07T16:00:00+0200,180,696
2015-08-07T15:00:00Z,2015-08-07T17:00:00+0200,225,746
2015-08-07T16:00:00Z,2015-08-07T18:00:00+0200,268,628
2015-08-07T17:00:00Z,2015-08-07T19:00:00+0200,278,633
2015-08-07T18:00:00Z,2015-08-07T20:00:00+0200,174,483
2015-08-07T19:00:00Z,2015-08-07T21:00:00+0200,268,610
2015-08-07T20:00:00Z,2015-08-07T22:00:00+0200,261,523
2015-08-07T21:00:00Z,2015-08-07T23:00:00+0200,133,412
2015-08-07T22:00:00Z,2015-08-08T00:00:00+0200,178,374
2015-08-07T23:00:00Z,2015-08-08T01:00:00+0200,166,573
2015-08-08T00:00:00Z,2015-08-08T02:00:00+0200,160,617
2015-08-08T01:00:00Z,2015-08-08T03:00:00+0200,132,624
2015-08-08T02:00:00Z,2015-08-08T04:00:00+0200,72,603
2015-08-08T03:00:00Z,2015-08-08T05:00:00+0200,139,1559
2015-08-08T04:00:00Z,2015-08-08T06:00:00+0200,58,463
2015-08-08T05:00:00Z,2015-08-08T07:00:00+0200,107,517
2015-08-08T06:00:00Z,2015-08-08T08:00:00+0200,229,754
2015-08-08T07:00:00Z,2015-08-08T09:00:00+0200,668,2784
2015-08-08T08:00:00Z,2015-08-08T10:00:00+0200,714,2987
2015-08-08T09:00:00Z,2015-08-08T11:00:00+0200,228,1689
2015-08-08T10:00:00Z,2015-08-08T12:00:00+0200,287,2020
2015-08-08T11:00:00Z,2015-08-08T13:00:00+0200,153,1643
2015-08-08T12:00:00Z,2015-08-08T14:00:00+0200,108,1761
2015-08-08T13:00:00Z,2015-08-08T15:00:00+0200,321,2906
2015-08-08T14:00:00Z,2015-08-08T16:00:00+0200,643,2863
2015-08-08T15:00:00Z,2015-08-08T17:00:00+0200,653,2951
2015-08-08T16:00:00Z,2015-08-08T18:00:00+0200,545,2209
2015-08-08T17:00:00Z,2015-08-08T19:00:00+0200,1328,3238
2015-08-08T18:00:00Z,2015-08-08T20:00:00+0200,1714,3172
2015-08-08T19:00:00Z,2015-08-08T21:00:00+0200,1772,3120
2015-08-08T20:00:00Z,2015-08-08T22:00:00+0200,1696,3035
2015-08-08T21:00:00Z,2015-08-08T23:00:00+0200,1619,2882
2015-08-08T22:00:00Z,2015-08-09T00:00:00+0200,1472,2731
2015-08-08T23:00:00Z,2015-08-09T01:00:00+0200,1475,2719
2015-08-09T00:00:00Z,2015-08-09T02:00:00+0200,813,2613
2015-08-09T01:00:00Z,2015-08-09T03:00:00+0200,1355,2435
2015-08-09T02:00:00Z,2015-08-09T04:00:00+0200,992,2483
2015-08-09T03:00:00Z,2015-08-09T05:00:00+0200,858,2493
2015-08-09T04:00:00Z,2015-08-09T06:00:00+0200,614,2238
2015-08-09T05:00:00Z,2015-08-09T07:00:00+0200,648,2163
2015-08-09T06:00:00Z,2015-08-09T08:00:00+0200,537,2185
2015-08-09T07:00:00Z,2015-08-09T09:00:00+0200,520,2693
2015-08-09T08:00:00Z,2015-08-09T10:00:00+0200,536,2609
2015-08-09T09:00:00Z,2015-08-09T11:00:00+0200,658,2313
2015-08-09T10:00:00Z,2015-08-09T12:00:00+0200,572,2554
2015-08-09T11:00:00Z,2015-08-09T13:00:00+0200,940,2170
2015-08-09T12:00:00Z,2015-08-09T14:00:00+0200,244,2023
2015-08-09T13:00:00Z,2015-08-09T15:00:00+0200,533,2803
2015-08-09T14:00:00Z,2015-08-09T16:00:00+0200,464,1941
2015-08-09T15:00:00Z,2015-08-09T17:00:00+0200,1026,1887
2015-08-09T16:00:00Z,2015-08-09T18:00:00+0200,1041,2330
2015-08-09T17:00:00Z,2015-08-09T19:00:00+0200,479,1664
2015-08-09T18:00:00Z,2015-08-09T20:00:00+0200,963,2097
2015-08-09T19:00:00Z,2015-08-09T21:00:00+0200,1020,1675
2015-08-09T20:00:00Z,2015-08-09T22:00:00+0200,459,1270
2015-08-09T21:00:00Z,2015-08-09T23:00:00+0200,1023,1237
2015-08-09T22:00:00Z,2015-08-10T00:00:00+0200,1247,1567
2015-08-09T23:00:00Z,2015-08-10T01:00:00+0200,1132,1747
2015-08-10T00:00:00Z,2015-08-10T02:00:00+0200,1152,1798
2015-08-10T01:00:00Z,2015-08-10T03:00:00+0200,1084,1792
2015-08-10T02:00:00Z,2015-08-10T04:00:00+0200,1056,1640
2015-08-10T03:00:00Z,2015-08-10T05:00:00+0200,1058,1509
2015-08-10T04:00:00Z,2015-08-10T06:00:00+0200,973,1481
2015-08-10T05:00:00Z,2015-08-10T07:00:00+0200,554,1463
2015-08-10T06:00:00Z,2015-08-10T08:00:00+0200,466,1543
2015-08-10T07:00:00Z,2015-08-10T09:00:00+0200,472,1471
2015-08-10T08:00:00Z,2015-08-10T10:00:00+0200,594,2222
2015-08-10T09:00:00Z,2015-08-10T11:00:00+0200,723,1856
2015-08-10T10:00:00Z,2015-08-10T12:00:00+0200,892,2082
2015-08-10T11:00:00Z,2015-08-10T13:00:00+0200,1198,3217
2015-08-10T12:00:00Z,2015-08-10T14:00:00+0200,1418,3229
2015-08-10T13:00:00Z,2015-08-10T15:00:00+0200,1908,3858
2015-08-10T14:00:00Z,2015-08-10T16:00:00+0200,1450,3891
2015-08-10T15:00:00Z,2015-08-10T17:00:00+0200,1653,3557
2015-08-10T16:00:00Z,2015-08-10T18:00:00+0200,1976,3304
2015-08-10T17:00:00Z,2015-08-10T19:00:00+0200,1207,2510
2015-08-10T18:00:00Z,2015-08-10T20:00:00+0200,1884,3418
2015-08-10T19:00:00Z,2015-08-10T21:00:00+0200,900,2144
2015-08-10T20:00:00Z,2015-08-10T22:00:00+0200,1434,2686
2015-08-10T21:00:00Z,2015-08-10T23:00:00+0200,1234,2219
2015-08-10T22:00:00Z,2015-08-11T00:00:00+0200,441,1354
2015-08-10T23:00:00Z,2015-08-11T01:00:00+0200,646,1821
2015-08-11T00:00:00Z,2015-08-11T02:00:00+0200,558,1793
2015-08-11T01:00:00Z,2015-08-11T03:00:00+0200,452,1572
2015-08-11T02:00:00Z,2015-08-11T04:00:00+0200,516,1682
2015-08-11T03:00:00Z,2015-08-11T05:00:00+0200,146,973
2015-08-11T04:00:00Z,2015-08-11T06:00:00+0200,137,1259
2015-08-11T05:00:00Z,2015-08-11T07:00:00+0200,152,906
2015-08-11T06:00:00Z,2015-08-11T08:00:00+0200,150,743
2015-08-11T07:00:00Z,2015-08-11T09:00:00+0200,36,700
2015-08-11T08:00:00Z,2015-08-11T10:00:00+0200,238,554
2015-08-11T09:00:00Z,2015-08-11T11:00:00+0200,47,698
2015-08-11T10:00:00Z,2015-08-11T12:00:00+0200,23,651
2015-08-11T11:00:00Z,2015-08-11T13:00:00+0200,158,679
2015-08-11T12:00:00Z,2015-08-11T14:00:00+0200,25,509
2015-08-11T13:00:00Z,2015-08-11T15:00:00+0200,38,522
2015-08-11T14:00:00Z,2015-08-11T16:00:00+0200,178,660
2015-08-11T15:00:00Z,2015-08-11T17:00:00+0200,122,521
2015-08-11T16:00:00Z,2015-08-11T18:00:00+0200,272,589
2015-08-11T17:00:00Z,2015-08-11T19:00:00+0200,274,375
2015-08-11T18:00:00Z,2015-08-11T20:00:00+0200,343,421
2015-08-11T19:00:00Z,2015-08-11T21:00:00+0200,306,428
2015-08-11T20:00:00Z,2015-08-11T22:00:00+0200,148,302
2015-08-11T21:00:00Z,2015-08-11T23:00:00+0200,148,294
2015-08-11T22:00:00Z,2015-08-12T00:00:00+0200,182,287
2015-08-11T23:00:00Z,2015-08-12T01:00:00+0200,436,383
2015-08-12T00:00:00Z,2015-08-12T02:00:00+0200,350,354
2015-08-12T01:00:00Z,2015-08-12T03:00:00+0200,432,373
2015-08-12T02:00:00Z,2015-08-12T04:00:00+0200,700,498
2015-08-12T03:00:00Z,2015-08-12T05:00:00+0200,201,340
2015-08-12T04:00:00Z,2015-08-12T06:00:00+0200,411,355
2015-08-12T05:00:00Z,2015-08-12T07:00:00+0200,610,413
2015-08-12T06:00:00Z,2015-08-12T08:00:00+0200,752,404
2015-08-12T07:00:00Z,2015-08-12T09:00:00+0200,946,498
2015-08-12T08:00:00Z,2015-08-12T10:00:00+0200,1078,666
2015-08-12T09:00:00Z,2015-08-12T11:00:00+0200,579,478
2015-08-12T10:00:00Z,2015-08-12T12:00:00+0200,1065,704
2015-08-12T11:00:00Z,2015-08-12T13:00:00+0200,981,687
2015-08-12T12:00:00Z,2015-08-12T14:00:00+0200,1097,707
2015-08-12T13:00:00Z,2015-08-12T15:00:00+0200,1282,727
2015-08-12T14:00:00Z,2015-08-12T16:00:00+0200,1332,760
2015-08-12T15:00:00Z,2015-08-12T17:00:00+0200,1438,741
2015-08-12T16:00:00Z,2015-08-12T18:00:00+0200,1550,672
2015-08-12T17:00:00Z,2015-08-12T19:00:00+0200,1604,589
2015-08-12T18:00:00Z,2015-08-12T20:00:00+0200,1634,518
2015-08-12T19:00:00Z,2015-08-12T21:00:00+0200,1684,509
2015-08-12T20:00:00Z,2015-08-12T22:00:00+0200,1568,531
2015-08-12T21:00:00Z,2015-08-12T23:00:00+0200,1563,547
2015-08-12T22:00:00Z,2015-08-13T00:00:00+0200,791,424
2015-08-12T23:00:00Z,2015-08-13T01:00:00+0200,1569,592
2015-08-13T00:00:00Z,2015-08-13T02:00:00+0200,1628,618
2015-08-13T01:00:00Z,2015-08-13T03:00:00+0200,1734,744
2015-08-13T02:00:00Z,2015-08-13T04:00:00+0200,1678,711
2015-08-13T03:00:00Z,2015-08-13T05:00:00+0200,1700,766
2015-08-13T04:00:00Z,2015-08-13T06:00:00+0200,1534,828
2015-08-13T05:00:00Z,2015-08-13T07:00:00+0200,903,644
2015-08-13T06:00:00Z,2015-08-13T08:00:00+0200,1688,779
2015-08-13T07:00:00Z,2015-08-13T09:00:00+0200,1555,768
2015-08-13T08:00:00Z,2015-08-13T10:00:00+0200,1882,842
2015-08-13T09:00:00Z,2015-08-13T11:00:00+0200,1910,868
2015-08-13T10:00:00Z,2015-08-13T12:00:00+0200,1854,958
2015-08-13T11:00:00Z,2015-08-13T13:00:00+0200,1894,1068
2015-08-13T12:00:00Z,2015-08-13T14:00:00+0200,1459,1164
2015-08-13T13:00:00Z,2015-08-13T15:00:00+0200,1302,1159
2015-08-13T14:00:00Z,2015-08-13T16:00:00+0200,1581,1227
2015-08-13T15:00:00Z,2015-08-13T17:00:00+0200,1676,1207
2015-08-13T16:00:00Z,2015-08-13T18:00:00+0200,1986,1187
2015-08-13T17:00:00Z,2015-08-13T19:00:00+0200,1945,1130
2015-08-13T18:00:00Z,2015-08-13T20:00:00+0200,1678,1020
2015-08-13T19:00:00Z,2015-08-13T21:00:00+0200,910,798
2015-08-13T20:00:00Z,2015-08-13T22:00:00+0200,842,707
2015-08-13T21:00:00Z,2015-08-13T23:00:00+0200,665,669
2015-08-13T22:00:00Z,2015-08-14T00:00:00+0200,596,703
2015-08-13T23:00:00Z,2015-08-14T01:00:00+0200,532,654
2015-08-14T00:00:00Z,2015-08-14T02:00:00+0200,512,708
2015-08-14T01:00:00Z,2015-08-14T03:00:00+0200,288,525
2015-08-14T02:00:00Z,2015-08-14T04:00:00+0200,243,430
2015-08-14T03:00:00Z,2015-08-14T05:00:00+0200,283,412
2015-08-14T04:00:00Z,2015-08-14T06:00:00+0200,264,445
2015-08-14T05:00:00Z,2015-08-14T07:00:00+0200,169,426
2015-08-14T06:00:00Z,2015-08-14T08:00:00+0200,282,424
2015-08-14T07:00:00Z,2015-08-14T09:00:00+0200,306,503
2015-08-14T08:00:00Z,2015-08-14T10:00:00+0200,503,463
2015-08-14T09:00:00Z,2015-08-14T11:00:00+0200,731,522
2015-08-14T10:00:00Z,2015-08-14T12:00:00+0200,786,633
2015-08-14T11:00:00Z,2015-08-14T13:00:00+0200,1171,721
2015-08-14T12:00:00Z,2015-08-14T14:00:00+0200,1039,902
2015-08-14T13:00:00Z,2015-08-14T15:00:00+0200,646,702
2015-08-14T14:00:00Z,2015-08-14T16:00:00+0200,484,783
2015-08-14T15:00:00Z,2015-08-14T17:00:00+0200,604,902
2015-08-14T16:00:00Z,2015-08-14T18:00:00+0200,610,898
2015-08-14T17:00:00Z,2015-08-14T19:00:00+0200,687,1038
2015-08-14T18:00:00Z,2015-08-14T20:00:00+0200,723,1132
2015-08-14T19:00:00Z,2015-08-14T21:00:00+0200,1146,1272
2015-08-14T20:00:00Z,2015-08-14T22:00:00+0200,913,1437
2015-08-14T21:00:00Z,2015-08-14T23:00:00+0200,704,1299
2015-08-14T22:00:00Z,2015-08-15T00:00:00+0200,607,1196
2015-08-14T23:00:00Z,2015-08-15T01:00:00+0200,859,1186
2015-08-15T00:00:00Z,2015-08-15T02:00:00+0200,876,1200
2015-08-15T01:00:00Z,2015-08-15T03:00:00+0200,802,1227
2015-08-15T02:00:00Z,2015-08-15T04:00:00+0200,736,1250
2015-08-15T03:00:00Z,2015-08-15T05:00:00+0200,613,1165
2015-08-15T04:00:00Z,2015-08-15T06:00:00+0200,592,1170
2015-08-15T05:00:00Z,2015-08-15T07:00:00+0200,581,1094
2015-08-15T06:00:00Z,2015-08-15T08:00:00+0200,769,1156
2015-08-15T07:00:00Z,2015-08-15T09:00:00+0200,884,1172
2015-08-15T08:00:00Z,2015-08-15T10:00:00+0200,852,1445
2015-08-15T09:00:00Z,2015-08-15T11:00:00+0200,532,1368
2015-08-15T10:00:00Z,2015-08-15T12:00:00+0200,492,1523
2015-08-15T11:00:00Z,2015-08-15T13:00:00+0200,308,851
2015-08-15T12:00:00Z,2015-08-15T14:00:00+0200,342,1304
2015-08-15T13:00:00Z,2015-08-15T15:00:00+0200,350,1516
2015-08-15T14:00:00Z,2015-08-15T16:00:00+0200,304,1371
2015-08-15T15:00:00Z,2015-08-15T17:00:00+0200,285,1277
2015-08-15T16:00:00Z,2015-08-15T18:00:00+0200,173,841
2015-08-15T17:00:00Z,2015-08-15T19:00:00+0200,206,702
2015-08-15T18:00:00Z,2015-08-15T20:00:00+0200,179,592
2015-08-15T19:00:00Z,2015-08-15T21:00:00+0200,307,623
2015-08-15T20:00:00Z,2015-08-15T22:00:00+0200,307,602
2015-08-15T21:00:00Z,2015-08-15T23:00:00+0200,284,487
2015-08-15T22:00:00Z,2015-08-16T00:00:00+0200,299,431
2015-08-15T23:00:00Z,2015-08-16T01:00:00+0200,240,368
2015-08-16T00:00:00Z,2015-08-16T02:00:00+0200,209,321
2015-08-16T01:00:00Z,2015-08-16T03:00:00+0200,106,361
2015-08-16T02:00:00Z,2015-08-16T04:00:00+0200,102,334
2015-08-16T03:00:00Z,2015-08-16T05:00:00+0200,80,296
2015-08-16T04:00:00Z,2015-08-16T06:00:00+0200,39,241
2015-08-16T05:00:00Z,2015-08-16T07:00:00+0200,88,257
2015-08-16T06:00:00Z,2015-08-16T08:00:00+0200,106,252
2015-08-16T07:00:00Z,2015-08-16T09:00:00+0200,89,219
2015-08-16T08:00:00Z,2015-08-16T10:00:00+0200,59,277
2015-08-16T09:00:00Z,2015-08-16T11:00:00+0200,61,266
2015-08-16T10:00:00Z,2015-08-16T12:00:00+0200,30,285
2015-08-16T11:00:00Z,2015-08-16T13:00:00+0200,46,436
2015-08-16T12:00:00Z,2015-08-16T14:00:00+0200,62,477
2015-08-16T13:00:00Z,2015-08-16T15:00:00+0200,62,419
2015-08-16T14:00:00Z,2015-08-16T16:00:00+0200,86,505
2015-08-16T15:00:00Z,2015-08-16T17:00:00+0200,78,483
2015-08-16T16:00:00Z,2015-08-16T18:00:00+0200,64,419
2015-08-16T17:00:00Z,2015-08-16T19:00:00+0200,38,364
2015-08-16T18:00:00Z,2015-08-16T20:00:00+0200,71,265
2015-08-16T19:00:00Z,2015-08-16T21:00:00+0200,72,255
2015-08-16T20:00:00Z,2015-08-16T22:00:00+0200,71,206
2015-08-16T21:00:00Z,2015-08-16T23:00:00+0200,65,155
2015-08-16T22:00:00Z,2015-08-17T00:00:00+0200,69,177
2015-08-16T23:00:00Z,2015-08-17T01:00:00+0200,84,126
2015-08-17T00:00:00Z,2015-08-17T02:00:00+0200,139,134
2015-08-17T01:00:00Z,2015-08-17T03:00:00+0200,222,143
2015-08-17T02:00:00Z,2015-08-17T04:00:00+0200,321,151
2015-08-17T03:00:00Z,2015-08-17T05:00:00+0200,484,160
2015-08-17T04:00:00Z,2015-08-17T06:00:00+0200,471,150
2015-08-17T05:00:00Z,2015-08-17T07:00:00+0200,532,170
2015-08-17T06:00:00Z,2015-08-17T08:00:00+0200,592,161
2015-08-17T07:00:00Z,2015-08-17T09:00:00+0200,596,175
2015-08-17T08:00:00Z,2015-08-17T10:00:00+0200,665,158
2015-08-17T09:00:00Z,2015-08-17T11:00:00+0200,624,195
2015-08-17T10:00:00Z,2015-08-17T12:00:00+0200,509,231
2015-08-17T11:00:00Z,2015-08-17T13:00:00+0200,401,265
2015-08-17T12:00:00Z,2015-08-17T14:00:00+0200,440,362
2015-08-17T13:00:00Z,2015-08-17T15:00:00+0200,243,330
2015-08-17T14:00:00Z,2015-08-17T16:00:00+0200,571,451
2015-08-17T15:00:00Z,2015-08-17T17:00:00+0200,640,486
2015-08-17T16:00:00Z,2015-08-17T18:00:00+0200,830,502
2015-08-17T17:00:00Z,2015-08-17T19:00:00+0200,823,499
2015-08-17T18:00:00Z,2015-08-17T20:00:00+0200,748,484
2015-08-17T19:00:00Z,2015-08-17T21:00:00+0200,933,499
2015-08-17T20:00:00Z,2015-08-17T22:00:00+0200,948,494
2015-08-17T21:00:00Z,2015-08-17T23:00:00+0200,842,494
2015-08-17T22:00:00Z,2015-08-18T00:00:00+0200,860,521
2015-08-17T23:00:00Z,2015-08-18T01:00:00+0200,1084,652
2015-08-18T00:00:00Z,2015-08-18T02:00:00+0200,1047,744
2015-08-18T01:00:00Z,2015-08-18T03:00:00+0200,901,787
2015-08-18T02:00:00Z,2015-08-18T04:00:00+0200,973,896
2015-08-18T03:00:00Z,2015-08-18T05:00:00+0200,1076,977
2015-08-18T04:00:00Z,2015-08-18T06:00:00+0200,1164,1073
2015-08-18T05:00:00Z,2015-08-18T07:00:00+0200,1624,1119
2015-08-18T06:00:00Z,2015-08-18T08:00:00+0200,1212,1228
2015-08-18T07:00:00Z,2015-08-18T09:00:00+0200,772,848
2015-08-18T08:00:00Z,2015-08-18T10:00:00+0200,1705,1106
2015-08-18T09:00:00Z,2015-08-18T11:00:00+0200,2043,1189
2015-08-18T10:00:00Z,2015-08-18T12:00:00+0200,885,874
2015-08-18T11:00:00Z,2015-08-18T13:00:00+0200,1992,1178
2015-08-18T12:00:00Z,2015-08-18T14:00:00+0200,1135,968
2015-08-18T13:00:00Z,2015-08-18T15:00:00+0200,2363,1262
2015-08-18T14:00:00Z,2015-08-18T16:00:00+0200,1986,1138
2015-08-18T15:00:00Z,2015-08-18T17:00:00+0200,1770,1297
2015-08-18T16:00:00Z,2015-08-18T18:00:00+0200,2052,1206
2015-08-18T17:00:00Z,2015-08-18T19:00:00+0200,2280,1244
2015-08-18T18:00:00Z,2015-08-18T20:00:00+0200,2008,1222
2015-08-18T19:00:00Z,2015-08-18T21:00:00+0200,1962,1080
2015-08-18T20:00:00Z,2015-08-18T22:00:00+0200,1871,1266
2015-08-18T21:00:00Z,2015-08-18T23:00:00+0200,916,909
2015-08-18T22:00:00Z,2015-08-19T00:00:00+0200,1771,1258
2015-08-18T23:00:00Z,2015-08-19T01:00:00+0200,1512,818
2015-08-19T00:00:00Z,2015-08-19T02:00:00+0200,1624,979
2015-08-19T01:00:00Z,2015-08-19T03:00:00+0200,1412,840
2015-08-19T02:00:00Z,2015-08-19T04:00:00+0200,1253,748
2015-08-19T03:00:00Z,2015-08-19T05:00:00+0200,1041,704
2015-08-19T04:00:00Z,2015-08-19T06:00:00+0200,958,530
2015-08-19T05:00:00Z,2015-08-19T07:00:00+0200,767,980
2015-08-19T06:00:00Z,2015-08-19T08:00:00+0200,806,833
2015-08-19T07:00:00Z,2015-08-19T09:00:00+0200,554,894
2015-08-19T08:00:00Z,2015-08-19T10:00:00+0200,296,1490
2015-08-19T09:00:00Z,2015-08-19T11:00:00+0200,476,1860
2015-08-19T10:00:00Z,2015-08-19T12:00:00+0200,485,1972
2015-08-19T11:00:00Z,2015-08-19T13:00:00+0200,731,2390
2015-08-19T12:00:00Z,2015-08-19T14:00:00+0200,1468,2870
2015-08-19T13:00:00Z,2015-08-19T15:00:00+0200,1438,3255
2015-08-19T14:00:00Z,2015-08-19T16:00:00+0200,1497,3094
2015-08-19T15:00:00Z,2015-08-19T17:00:00+0200,1039,2552
2015-08-19T16:00:00Z,2015-08-19T18:00:00+0200,1808,3384
2015-08-19T17:00:00Z,2015-08-19T19:00:00+0200,951,1716
2015-08-19T18:00:00Z,2015-08-19T20:00:00+0200,1221,2417
2015-08-19T19:00:00Z,2015-08-19T21:00:00+0200,642,1710
2015-08-19T20:00:00Z,2015-08-19T22:00:00+0200,1062,2369
2015-08-19T21:00:00Z,2015-08-19T23:00:00+0200,558,1315
2015-08-19T22:00:00Z,2015-08-20T00:00:00+0200,460,1777
2015-08-19T23:00:00Z,2015-08-20T01:00:00+0200,825,1325
2015-08-20T00:00:00Z,2015-08-20T02:00:00+0200,822,1053
2015-08-20T01:00:00Z,2015-08-20T03:00:00+0200,836,1900
2015-08-20T02:00:00Z,2015-08-20T04:00:00+0200,814,956
2015-08-20T03:00:00Z,2015-08-20T05:00:00+0200,410,755
2015-08-20T04:00:00Z,2015-08-20T06:00:00+0200,806,867
2015-08-20T05:00:00Z,2015-08-20T07:00:00+0200,1028,952
2015-08-20T06:00:00Z,2015-08-20T08:00:00+0200,1122,1085
2015-08-20T07:00:00Z,2015-08-20T09:00:00+0200,513,714
2015-08-20T08:00:00Z,2015-08-20T10:00:00+0200,905,1196
2015-08-20T09:00:00Z,2015-08-20T11:00:00+0200,676,1613
2015-08-20T10:00:00Z,2015-08-20T12:00:00+0200,622,2500
2015-08-20T11:00:00Z,2015-08-20T13:00:00+0200,609,2867
2015-08-20T12:00:00Z,2015-08-20T14:00:00+0200,800,3622
2015-08-20T13:00:00Z,2015-08-20T15:00:00+0200,702,2960
2015-08-20T14:00:00Z,2015-08-20T16:00:00+0200,413,2585
2015-08-20T15:00:00Z,2015-08-20T17:00:00+0200,959,3262
2015-08-20T16:00:00Z,2015-08-20T18:00:00+0200,335,2315
2015-08-20T17:00:00Z,2015-08-20T19:00:00+0200,385,2373
2015-08-20T18:00:00Z,2015-08-20T20:00:00+0200,1176,3552
2015-08-20T19:00:00Z,2015-08-20T21:00:00+0200,1270,3433
2015-08-20T20:00:00Z,2015-08-20T22:00:00+0200,1460,3612
2015-08-20T21:00:00Z,2015-08-20T23:00:00+0200,1635,3896
2015-08-20T22:00:00Z,2015-08-21T00:00:00+0200,1424,3775
2015-08-20T23:00:00Z,2015-08-21T01:00:00+0200,1755,3602
2015-08-21T00:00:00Z,2015-08-21T02:00:00+0200,1880,3476
2015-08-21T01:00:00Z,2015-08-21T03:00:00+0200,1706,3656
2015-08-21T02:00:00Z,2015-08-21T04:00:00+0200,1413,3165
2015-08-21T03:00:00Z,2015-08-21T05:00:00+0200,1552,3460
2015-08-21T04:00:00Z,2015-08-21T06:00:00+0200,1240,3323
2015-08-21T05:00:00Z,2015-08-21T07:00:00+0200,728,2061
2015-08-21T06:00:00Z,2015-08-21T08:00:00+0200,1400,3153
2015-08-21T07:00:00Z,2015-08-21T09:00:00+0200,1328,3326
2015-08-21T08:00:00Z,2015-08-21T10:00:00+0200,1266,3800
2015-08-21T09:00:00Z,2015-08-21T11:00:00+0200,1284,3664
2015-08-21T10:00:00Z,2015-08-21T12:00:00+0200,1359,4075
2015-08-21T11:00:00Z,2015-08-21T13:00:00+0200,562,2568
2015-08-21T12:00:00Z,2015-08-21T14:00:00+0200,590,2817
2015-08-21T13:00:00Z,2015-08-21T15:00:00+0200,1220,3733
2015-08-21T14:00:00Z,2015-08-21T16:00:00+0200,1124,3763
2015-08-21T15:00:00Z,2015-08-21T17:00:00+0200,596,2536
2015-08-21T16:00:00Z,2015-08-21T18:00:00+0200,486,2187
2015-08-21T17:00:00Z,2015-08-21T19:00:00+0200,848,2504
2015-08-21T18:00:00Z,2015-08-21T20:00:00+0200,918,2144
2015-08-21T19:00:00Z,2015-08-21T21:00:00+0200,906,1988
2015-08-21T20:00:00Z,2015-08-21T22:00:00+0200,1046,1636
2015-08-21T21:00:00Z,2015-08-21T23:00:00+0200,1062,1608
2015-08-21T22:00:00Z,2015-08-22T00:00:00+0200,451,1258
2015-08-21T23:00:00Z,2015-08-22T01:00:00+0200,1106,1388
2015-08-22T00:00:00Z,2015-08-22T02:00:00+0200,584,938
2015-08-22T01:00:00Z,2015-08-22T03:00:00+0200,532,1002
2015-08-22T02:00:00Z,2015-08-22T04:00:00+0200,412,910
2015-08-22T03:00:00Z,2015-08-22T05:00:00+0200,358,914
2015-08-22T04:00:00Z,2015-08-22T06:00:00+0200,264,769
2015-08-22T05:00:00Z,2015-08-22T07:00:00+0200,244,797
2015-08-22T06:00:00Z,2015-08-22T08:00:00+0200,250,614
2015-08-22T07:00:00Z,2015-08-22T09:00:00+0200,238,614
2015-08-22T08:00:00Z,2015-08-22T10:00:00+0200,230,585
2015-08-22T09:00:00Z,2015-08-22T11:00:00+0200,252,696
2015-08-22T10:00:00Z,2015-08-22T12:00:00+0200,295,770
2015-08-22T11:00:00Z,2015-08-22T13:00:00+0200,292,832
2015-08-22T12:00:00Z,2015-08-22T14:00:00+0200,684,864
2015-08-22T13:00:00Z,2015-08-22T15:00:00+0200,934,902
2015-08-22T14:00:00Z,2015-08-22T16:00:00+0200,1197,880
2015-08-22T15:00:00Z,2015-08-22T17:00:00+0200,1690,901
2015-08-22T16:00:00Z,2015-08-22T18:00:00+0200,2016,824
2015-08-22T17:00:00Z,2015-08-22T19:00:00+0200,2567,814
2015-08-22T18:00:00Z,2015-08-22T20:00:00+0200,965,636
2015-08-22T19:00:00Z,2015-08-22T21:00:00+0200,2650,1180
2015-08-22T20:00:00Z,2015-08-22T22:00:00+0200,1423,883
2015-08-22T21:00:00Z,2015-08-22T23:00:00+0200,2627,1450
2015-08-22T22:00:00Z,2015-08-23T00:00:00+0200,1516,1154
2015-08-22T23:00:00Z,2015-08-23T01:00:00+0200,2898,1823
2015-08-23T00:00:00Z,2015-08-23T02:00:00+0200,2910,2476
2015-08-23T01:00:00Z,2015-08-23T03:00:00+0200,3011,2480
2015-08-23T02:00:00Z,2015-08-23T04:00:00+0200,1471,2091
2015-08-23T03:00:00Z,2015-08-23T05:00:00+0200,2945,3219
2015-08-23T04:00:00Z,2015-08-23T06:00:00+0200,2994,3104
2015-08-23T05:00:00Z,2015-08-23T07:00:00+0200,3153,2992
2015-08-23T06:00:00Z,2015-08-23T08:00:00+0200,1467,2351
2015-08-23T07:00:00Z,2015-08-23T09:00:00+0200,3254,3162
2015-08-23T08:00:00Z,2015-08-23T10:00:00+0200,2874,3878
2015-08-23T09:00:00Z,2015-08-23T11:00:00+0200,2742,3854
2015-08-23T10:00:00Z,2015-08-23T12:00:00+0200,1250,2805
2015-08-23T11:00:00Z,2015-08-23T13:00:00+0200,2336,3908
2015-08-23T12:00:00Z,2015-08-23T14:00:00+0200,2294,4091
2015-08-23T13:00:00Z,2015-08-23T15:00:00+0200,2208,4161
2015-08-23T14:00:00Z,2015-08-23T16:00:00+0200,2246,4126
2015-08-23T15:00:00Z,2015-08-23T17:00:00+0200,2292,4039
2015-08-23T16:00:00Z,2015-08-23T18:00:00+0200,1732,3816
2015-08-23T17:00:00Z,2015-08-23T19:00:00+0200,1602,3400
2015-08-23T18:00:00Z,2015-08-23T20:00:00+0200,1173,3123
2015-08-23T19:00:00Z,2015-08-23T21:00:00+0200,752,3135
2015-08-23T20:00:00Z,2015-08-23T22:00:00+0200,762,2745
2015-08-23T21:00:00Z,2015-08-23T23:00:00+0200,638,2937
2015-08-23T22:00:00Z,2015-08-24T00:00:00+0200,312,2018
2015-08-23T23:00:00Z,2015-08-24T01:00:00+0200,599,2433
2015-08-24T00:00:00Z,2015-08-24T02:00:00+0200,446,2275
2015-08-24T01:00:00Z,2015-08-24T03:00:00+0200,368,2317
2015-08-24T02:00:00Z,2015-08-24T04:00:00+0200,302,2117
2015-08-24T03:00:00Z,2015-08-24T05:00:00+0200,244,1410
2015-08-24T04:00:00Z,2015-08-24T06:00:00+0200,331,1086
2015-08-24T05:00:00Z,2015-08-24T07:00:00+0200,654,1713
2015-08-24T06:00:00Z,2015-08-24T08:00:00+0200,128,1084
2015-08-24T07:00:00Z,2015-08-24T09:00:00+0200,387,1235
2015-08-24T08:00:00Z,2015-08-24T10:00:00+0200,600,1195
2015-08-24T09:00:00Z,2015-08-24T11:00:00+0200,512,1079
2015-08-24T10:00:00Z,2015-08-24T12:00:00+0200,376,821
2015-08-24T11:00:00Z,2015-08-24T13:00:00+0200,311,810
2015-08-24T12:00:00Z,2015-08-24T14:00:00+0200,236,686
2015-08-24T13:00:00Z,2015-08-24T15:00:00+0200,373,925
2015-08-24T14:00:00Z,2015-08-24T16:00:00+0200,644,1133
2015-08-24T15:00:00Z,2015-08-24T17:00:00+0200,319,728
2015-08-24T16:00:00Z,2015-08-24T18:00:00+0200,660,1052
2015-08-24T17:00:00Z,2015-08-24T19:00:00+0200,984,912
2015-08-24T18:00:00Z,2015-08-24T20:00:00+0200,1830,1134
2015-08-24T19:00:00Z,2015-08-24T21:00:00+0200,1194,988
2015-08-24T20:00:00Z,2015-08-24T22:00:00+0200,1528,1121
2015-08-24T21:00:00Z,2015-08-24T23:00:00+0200,1240,1032
2015-08-24T22:00:00Z,2015-08-25T00:00:00+0200,1360,1022
2015-08-24T23:00:00Z,2015-08-25T01:00:00+0200,2779,1554
2015-08-25T00:00:00Z,2015-08-25T02:00:00+0200,2931,1696
2015-08-25T01:00:00Z,2015-08-25T03:00:00+0200,2824,1733
2015-08-25T02:00:00Z,2015-08-25T04:00:00+0200,2864,1984
2015-08-25T03:00:00Z,2015-08-25T05:00:00+0200,2659,1669
2015-08-25T04:00:00Z,2015-08-25T06:00:00+0200,2717,1608
2015-08-25T05:00:00Z,2015-08-25T07:00:00+0200,2449,1622
2015-08-25T06:00:00Z,2015-08-25T08:00:00+0200,2450,1477
2015-08-25T07:00:00Z,2015-08-25T09:00:00+0200,2293,1464
2015-08-25T08:00:00Z,2015-08-25T10:00:00+0200,2118,1492
2015-08-25T09:00:00Z,2015-08-25T11:00:00+0200,2132,1676
2015-08-25T10:00:00Z,2015-08-25T12:00:00+0200,2155,1891
2015-08-25T11:00:00Z,2015-08-25T13:00:00+0200,2310,1962
2015-08-25T12:00:00Z,2015-08-25T14:00:00+0200,2410,1745
2015-08-25T13:00:00Z,2015-08-25T15:00:00+0200,2377,1884
2015-08-25T14:00:00Z,2015-08-25T16:00:00+0200,2512,1704
2015-08-25T15:00:00Z,2015-08-25T17:00:00+0200,2580,1612
2015-08-25T16:00:00Z,2015-08-25T18:00:00+0200,1284,1055
2015-08-25T17:00:00Z,2015-08-25T19:00:00+0200,2325,1434
2015-08-25T18:00:00Z,2015-08-25T20:00:00+0200,2632,1453
2015-08-25T19:00:00Z,2015-08-25T21:00:00+0200,2440,1433
2015-08-25T20:00:00Z,2015-08-25T22:00:00+0200,3118,1501
2015-08-25T21:00:00Z,2015-08-25T23:00:00+0200,2906,1715
2015-08-25T22:00:00Z,2015-08-26T00:00:00+0200,1688,1159
2015-08-25T23:00:00Z,2015-08-26T01:00:00+0200,3318,1407
2015-08-26T00:00:00Z,2015-08-26T02:00:00+0200,2794,1562
2015-08-26T01:00:00Z,2015-08-26T03:00:00+0200,3101,1692
2015-08-26T02:00:00Z,2015-08-26T04:00:00+0200,1390,2108
2015-08-26T03:00:00Z,2015-08-26T05:00:00+0200,3104,1861
2015-08-26T04:00:00Z,2015-08-26T06:00:00+0200,3238,1496
2015-08-26T05:00:00Z,2015-08-26T07:00:00+0200,3361,1568
2015-08-26T06:00:00Z,2015-08-26T08:00:00+0200,1786,1336
2015-08-26T07:00:00Z,2015-08-26T09:00:00+0200,3493,2366
2015-08-26T08:00:00Z,2015-08-26T10:00:00+0200,3402,3181
2015-08-26T09:00:00Z,2015-08-26T11:00:00+0200,3240,3012
2015-08-26T10:00:00Z,2015-08-26T12:00:00+0200,3270,3261
2015-08-26T11:00:00Z,2015-08-26T13:00:00+0200,3334,3420
2015-08-26T12:00:00Z,2015-08-26T14:00:00+0200,3298,3546
2015-08-26T13:00:00Z,2015-08-26T15:00:00+0200,1591,2377
2015-08-26T14:00:00Z,2015-08-26T16:00:00+0200,3156,3558
2015-08-26T15:00:00Z,2015-08-26T17:00:00+0200,2963,3509
2015-08-26T16:00:00Z,2015-08-26T18:00:00+0200,2828,3649
2015-08-26T17:00:00Z,2015-08-26T19:00:00+0200,1568,2282
2015-08-26T18:00:00Z,2015-08-26T20:00:00+0200,3025,2788
2015-08-26T19:00:00Z,2015-08-26T21:00:00+0200,3024,2957
2015-08-26T20:00:00Z,2015-08-26T22:00:00+0200,3048,2272
2015-08-26T21:00:00Z,2015-08-26T23:00:00+0200,2823,3028
2015-08-26T22:00:00Z,2015-08-27T00:00:00+0200,1444,1867
2015-08-26T23:00:00Z,2015-08-27T01:00:00+0200,2954,3154
2015-08-27T00:00:00Z,2015-08-27T02:00:00+0200,2945,2818
2015-08-27T01:00:00Z,2015-08-27T03:00:00+0200,2896,3193
2015-08-27T02:00:00Z,2015-08-27T04:00:00+0200,2529,3435
2015-08-27T03:00:00Z,2015-08-27T05:00:00+0200,2939,3095
2015-08-27T04:00:00Z,2015-08-27T06:00:00+0200,2390,3792
2015-08-27T05:00:00Z,2015-08-27T07:00:00+0200,1204,2302
2015-08-27T06:00:00Z,2015-08-27T08:00:00+0200,1207,2007
2015-08-27T07:00:00Z,2015-08-27T09:00:00+0200,2144,3325
2015-08-27T08:00:00Z,2015-08-27T10:00:00+0200,2045,3370
2015-08-27T09:00:00Z,2015-08-27T11:00:00+0200,2407,3423
2015-08-27T10:00:00Z,2015-08-27T12:00:00+0200,2472,3065
2015-08-27T11:00:00Z,2015-08-27T13:00:00+0200,2468,3382
2015-08-27T12:00:00Z,2015-08-27T14:00:00+0200,1235,2306
2015-08-27T13:00:00Z,2015-08-27T15:00:00+0200,1220,2449
2015-08-27T14:00:00Z,2015-08-27T16:00:00+0200,2207,3490
2015-08-27T15:00:00Z,2015-08-27T17:00:00+0200,1159,2277
2015-08-27T16:00:00Z,2015-08-27T18:00:00+0200,2350,3278
2015-08-27T17:00:00Z,2015-08-27T19:00:00+0200,2342,3204
2015-08-27T18:00:00Z,2015-08-27T20:00:00+0200,2239,2306
2015-08-27T19:00:00Z,2015-08-27T21:00:00+0200,2208,2135
2015-08-27T20:00:00Z,2015-08-27T22:00:00+0200,2052,2206
2015-08-27T21:00:00Z,2015-08-27T23:00:00+0200,1920,2413
2015-08-27T22:00:00Z,2015-08-28T00:00:00+0200,916,2282
2015-08-27T23:00:00Z,2015-08-28T01:00:00+0200,1647,2284
2015-08-28T00:00:00Z,2015-08-28T02:00:00+0200,1485,2038
2015-08-28T01:00:00Z,2015-08-28T03:00:00+0200,1343,2209
2015-08-28T02:00:00Z,2015-08-28T04:00:00+0200,1266,2192
2015-08-28T03:00:00Z,2015-08-28T05:00:00+0200,1200,2177
2015-08-28T04:00:00Z,2015-08-28T06:00:00+0200,1195,2269
2015-08-28T05:00:00Z,2015-08-28T07:00:00+0200,1381,2885
2015-08-28T06:00:00Z,2015-08-28T08:00:00+0200,1108,2069
2015-08-28T07:00:00Z,2015-08-28T09:00:00+0200,1131,2149
2015-08-28T08:00:00Z,2015-08-28T10:00:00+0200,1062,2680
2015-08-28T09:00:00Z,2015-08-28T11:00:00+0200,1231,2618
2015-08-28T10:00:00Z,2015-08-28T12:00:00+0200,1745,3473
2015-08-28T11:00:00Z,2015-08-28T13:00:00+0200,1586,3122
2015-08-28T12:00:00Z,2015-08-28T14:00:00+0200,1408,3835
2015-08-28T13:00:00Z,2015-08-28T15:00:00+0200,1635,3700
2015-08-28T14:00:00Z,2015-08-28T16:00:00+0200,1842,4066
2015-08-28T15:00:00Z,2015-08-28T17:00:00+0200,2167,3668
2015-08-28T16:00:00Z,2015-08-28T18:00:00+0200,2105,3158
2015-08-28T17:00:00Z,2015-08-28T19:00:00+0200,2068,3090
2015-08-28T18:00:00Z,2015-08-28T20:00:00+0200,2012,3552
2015-08-28T19:00:00Z,2015-08-28T21:00:00+0200,1073,2008
2015-08-28T20:00:00Z,2015-08-28T22:00:00+0200,2070,3209
2015-08-28T21:00:00Z,2015-08-28T23:00:00+0200,1992,2972
2015-08-28T22:00:00Z,2015-08-29T00:00:00+0200,1040,1972
2015-08-28T23:00:00Z,2015-08-29T01:00:00+0200,1909,3129
2015-08-29T00:00:00Z,2015-08-29T02:00:00+0200,909,2756
2015-08-29T01:00:00Z,2015-08-29T03:00:00+0200,1170,3086
2015-08-29T02:00:00Z,2015-08-29T04:00:00+0200,703,1143
2015-08-29T03:00:00Z,2015-08-29T05:00:00+0200,1326,2890
2015-08-29T04:00:00Z,2015-08-29T06:00:00+0200,667,1917
2015-08-29T05:00:00Z,2015-08-29T07:00:00+0200,1270,2759
2015-08-29T06:00:00Z,2015-08-29T08:00:00+0200,1136,2727
2015-08-29T07:00:00Z,2015-08-29T09:00:00+0200,1050,2714
2015-08-29T08:00:00Z,2015-08-29T10:00:00+0200,894,2836
2015-08-29T09:00:00Z,2015-08-29T11:00:00+0200,767,2925
2015-08-29T10:00:00Z,2015-08-29T12:00:00+0200,438,2133
2015-08-29T11:00:00Z,2015-08-29T13:00:00+0200,831,3032
2015-08-29T12:00:00Z,2015-08-29T14:00:00+0200,640,3048
2015-08-29T13:00:00Z,2015-08-29T15:00:00+0200,561,3143
2015-08-29T14:00:00Z,2015-08-29T16:00:00+0200,522,3008
2015-08-29T15:00:00Z,2015-08-29T17:00:00+0200,450,2832
2015-08-29T16:00:00Z,2015-08-29T18:00:00+0200,526,2350
2015-08-29T17:00:00Z,2015-08-29T19:00:00+0200,566,1993
2015-08-29T18:00:00Z,2015-08-29T20:00:00+0200,666,1904
2015-08-29T19:00:00Z,2015-08-29T21:00:00+0200,622,1583
2015-08-29T20:00:00Z,2015-08-29T22:00:00+0200,674,1351
2015-08-29T21:00:00Z,2015-08-29T23:00:00+0200,385,813
2015-08-29T22:00:00Z,2015-08-30T00:00:00+0200,730,1340
2015-08-29T23:00:00Z,2015-08-30T01:00:00+0200,588,1420
2015-08-30T00:00:00Z,2015-08-30T02:00:00+0200,486,1175
2015-08-30T01:00:00Z,2015-08-30T03:00:00+0200,486,994
2015-08-30T02:00:00Z,2015-08-30T04:00:00+0200,258,682
2015-08-30T03:00:00Z,2015-08-30T05:00:00+0200,406,969
2015-08-30T04:00:00Z,2015-08-30T06:00:00+0200,386,955
2015-08-30T05:00:00Z,2015-08-30T07:00:00+0200,652,942
2015-08-30T06:00:00Z,2015-08-30T08:00:00+0200,712,979
2015-08-30T07:00:00Z,2015-08-30T09:00:00+0200,902,992
2015-08-30T08:00:00Z,2015-08-30T10:00:00+0200,742,963
2015-08-30T09:00:00Z,2015-08-30T11:00:00+0200,440,727
2015-08-30T10:00:00Z,2015-08-30T12:00:00+0200,616,1335
2015-08-30T11:00:00Z,2015-08-30T13:00:00+0200,493,1171
2015-08-30T12:00:00Z,2015-08-30T14:00:00+0200,462,1387
2015-08-30T13:00:00Z,2015-08-30T15:00:00+0200,324,1353
2015-08-30T14:00:00Z,2015-08-30T16:00:00+0200,262,1139
2015-08-30T15:00:00Z,2015-08-30T17:00:00+0200,518,874
2015-08-30T16:00:00Z,2015-08-30T18:00:00+0200,740,689
2015-08-30T17:00:00Z,2015-08-30T19:00:00+0200,729,690
2015-08-30T18:00:00Z,2015-08-30T20:00:00+0200,1308,460
2015-08-30T19:00:00Z,2015-08-30T21:00:00+0200,1304,460
2015-08-30T20:00:00Z,2015-08-30T22:00:00+0200,1554,444
2015-08-30T21:00:00Z,2015-08-30T23:00:00+0200,650,323
2015-08-30T22:00:00Z,2015-08-31T00:00:00+0200,676,328
2015-08-30T23:00:00Z,2015-08-31T01:00:00+0200,992,446
2015-08-31T00:00:00Z,2015-08-31T02:00:00+0200,1226,478
2015-08-31T01:00:00Z,2015-08-31T03:00:00+0200,760,552
2015-08-31T02:00:00Z,2015-08-31T04:00:00+0200,838,478
2015-08-31T03:00:00Z,2015-08-31T05:00:00+0200,587,468
2015-08-31T04:00:00Z,2015-08-31T06:00:00+0200,686,520
2015-08-31T05:00:00Z,2015-08-31T07:00:00+0200,855,609
2015-08-31T06:00:00Z,2015-08-31T08:00:00+0200,592,626
2015-08-31T07:00:00Z,2015-08-31T09:00:00+0200,798,672
2015-08-31T08:00:00Z,2015-08-31T10:00:00+0200,1053,740
2015-08-31T09:00:00Z,2015-08-31T11:00:00+0200,1111,861
2015-08-31T10:00:00Z,2015-08-31T12:00:00+0200,1281,1050
2015-08-31T11:00:00Z,2015-08-31T13:00:00+0200,1390,992
2015-08-31T12:00:00Z,2015-08-31T14:00:00+0200,1602,1056
2015-08-31T13:00:00Z,2015-08-31T15:00:00+0200,823,822
2015-08-31T14:00:00Z,2015-08-31T16:00:00+0200,1806,1169
2015-08-31T15:00:00Z,2015-08-31T17:00:00+0200,1552,1122
2015-08-31T16:00:00Z,2015-08-31T18:00:00+0200,1514,1141
2015-08-31T17:00:00Z,2015-08-31T19:00:00+0200,1735,1124
2015-08-31T18:00:00Z,2015-08-31T20:00:00+0200,1920,1076
2015-08-31T19:00:00Z,2015-08-31T21:00:00+0200,1868,1070
2015-08-31T20:00:00Z,2015-08-31T22:00:00+0200,1660,1030
2015-08-31T21:00:00Z,2015-08-31T23:00:00+0200,1660,1008
2015-08-31T22:00:00Z,2015-09-01T00:00:00+0200,1542,1014
2015-08-31T23:00:00Z,2015-09-01T01:00:00+0200,1245,1042
2015-09-01T00:00:00Z,2015-09-01T02:00:00+0200,1120,1070
2015-09-01T01:00:00Z,2015-09-01T03:00:00+0200,1211,1079
2015-09-01T02:00:00Z,2015-09-01T04:00:00+0200,1158,1112
2015-09-01T03:00:00Z,2015-09-01T05:00:00+0200,547,764
2015-09-01T04:00:00Z,2015-09-01T06:00:00+0200,1092,1118
2015-09-01T05:00:00Z,2015-09-01T07:00:00+0200,1124,1145
2015-09-01T06:00:00Z,2015-09-01T08:00:00+0200,1041,1139
2015-09-01T07:00:00Z,2015-09-01T09:00:00+0200,1318,1125
2015-09-01T08:00:00Z,2015-09-01T10:00:00+0200,872,1356
2015-09-01T09:00:00Z,2015-09-01T11:00:00+0200,1137,1166
2015-09-01T10:00:00Z,2015-09-01T12:00:00+0200,980,1376
2015-09-01T11:00:00Z,2015-09-01T13:00:00+0200,714,1325
2015-09-01T12:00:00Z,2015-09-01T14:00:00+0200,423,1437
2015-09-01T13:00:00Z,2015-09-01T15:00:00+0200,299,1061
2015-09-01T14:00:00Z,2015-09-01T16:00:00+0200,422,1548
2015-09-01T15:00:00Z,2015-09-01T17:00:00+0200,297,1636
2015-09-01T16:00:00Z,2015-09-01T18:00:00+0200,222,1580
2015-09-01T17:00:00Z,2015-09-01T19:00:00+0200,195,1590
2015-09-01T18:00:00Z,2015-09-01T20:00:00+0200,331,1362
2015-09-01T19:00:00Z,2015-09-01T21:00:00+0200,448,1220
2015-09-01T20:00:00Z,2015-09-01T22:00:00+0200,526,1258
2015-09-01T21:00:00Z,2015-09-01T23:00:00+0200,552,1193
2015-09-01T22:00:00Z,2015-09-02T00:00:00+0200,283,794
2015-09-01T23:00:00Z,2015-09-02T01:00:00+0200,524,1261
2015-09-02T00:00:00Z,2015-09-02T02:00:00+0200,538,1370
2015-09-02T01:00:00Z,2015-09-02T03:00:00+0200,249,1375
2015-09-02T02:00:00Z,2015-09-02T04:00:00+0200,492,1465
2015-09-02T03:00:00Z,2015-09-02T05:00:00+0200,260,978
2015-09-02T04:00:00Z,2015-09-02T06:00:00+0200,433,1425
2015-09-02T05:00:00Z,2015-09-02T07:00:00+0200,509,1462
2015-09-02T06:00:00Z,2015-09-02T08:00:00+0200,446,1398
2015-09-02T07:00:00Z,2015-09-02T09:00:00+0200,396,1680
2015-09-02T08:00:00Z,2015-09-02T10:00:00+0200,177,1002
2015-09-02T09:00:00Z,2015-09-02T11:00:00+0200,325,1644
2015-09-02T10:00:00Z,2015-09-02T12:00:00+0200,210,1255
2015-09-02T11:00:00Z,2015-09-02T13:00:00+0200,382,1798
2015-09-02T12:00:00Z,2015-09-02T14:00:00+0200,272,1849
2015-09-02T13:00:00Z,2015-09-02T15:00:00+0200,265,1981
2015-09-02T14:00:00Z,2015-09-02T16:00:00+0200,194,1392
2015-09-02T15:00:00Z,2015-09-02T17:00:00+0200,552,2238
2015-09-02T16:00:00Z,2015-09-02T18:00:00+0200,489,2299
2015-09-02T17:00:00Z,2015-09-02T19:00:00+0200,363,2278
2015-09-02T18:00:00Z,2015-09-02T20:00:00+0200,320,2260
2015-09-02T19:00:00Z,2015-09-02T21:00:00+0200,281,2252
2015-09-02T20:00:00Z,2015-09-02T22:00:00+0200,312,2302
2015-09-02T21:00:00Z,2015-09-02T23:00:00+0200,312,2308
2015-09-02T22:00:00Z,2015-09-03T00:00:00+0200,190,2280
2015-09-02T23:00:00Z,2015-09-03T01:00:00+0200,394,2288
2015-09-03T00:00:00Z,2015-09-03T02:00:00+0200,438,2342
2015-09-03T01:00:00Z,2015-09-03T03:00:00+0200,428,2248
2015-09-03T02:00:00Z,2015-09-03T04:00:00+0200,480,2243
2015-09-03T03:00:00Z,2015-09-03T05:00:00+0200,788,2522
2015-09-03T04:00:00Z,2015-09-03T06:00:00+0200,720,2530
2015-09-03T05:00:00Z,2015-09-03T07:00:00+0200,898,2620
2015-09-03T06:00:00Z,2015-09-03T08:00:00+0200,554,1732
2015-09-03T07:00:00Z,2015-09-03T09:00:00+0200,996,2740
2015-09-03T08:00:00Z,2015-09-03T10:00:00+0200,1040,2788
2015-09-03T09:00:00Z,2015-09-03T11:00:00+0200,1007,3014
2015-09-03T10:00:00Z,2015-09-03T12:00:00+0200,1026,2958
2015-09-03T11:00:00Z,2015-09-03T13:00:00+0200,1000,3052
2015-09-03T12:00:00Z,2015-09-03T14:00:00+0200,922,3103
2015-09-03T13:00:00Z,2015-09-03T15:00:00+0200,838,3108
2015-09-03T14:00:00Z,2015-09-03T16:00:00+0200,877,2973
2015-09-03T15:00:00Z,2015-09-03T17:00:00+0200,772,3020
2015-09-03T16:00:00Z,2015-09-03T18:00:00+0200,1018,2956
2015-09-03T17:00:00Z,2015-09-03T19:00:00+0200,1145,2802
2015-09-03T18:00:00Z,2015-09-03T20:00:00+0200,1314,2560
2015-09-03T19:00:00Z,2015-09-03T21:00:00+0200,1460,2338
2015-09-03T20:00:00Z,2015-09-03T22:00:00+0200,1619,2204
2015-09-03T21:00:00Z,2015-09-03T23:00:00+0200,1832,2154
2015-09-03T22:00:00Z,2015-09-04T00:00:00+0200,1966,2154
2015-09-03T23:00:00Z,2015-09-04T01:00:00+0200,1906,2197
2015-09-04T00:00:00Z,2015-09-04T02:00:00+0200,1794,2092
2015-09-04T01:00:00Z,2015-09-04T03:00:00+0200,1936,1882
2015-09-04T02:00:00Z,2015-09-04T04:00:00+0200,1910,2038
2015-09-04T03:00:00Z,2015-09-04T05:00:00+0200,1930,1870
2015-09-04T04:00:00Z,2015-09-04T06:00:00+0200,2010,1968
2015-09-04T05:00:00Z,2015-09-04T07:00:00+0200,2071,1751
2015-09-04T06:00:00Z,2015-09-04T08:00:00+0200,1988,1720
2015-09-04T07:00:00Z,2015-09-04T09:00:00+0200,2056,2228
2015-09-04T08:00:00Z,2015-09-04T10:00:00+0200,1972,1756
2015-09-04T09:00:00Z,2015-09-04T11:00:00+0200,860,1290
2015-09-04T10:00:00Z,2015-09-04T12:00:00+0200,1858,1365
2015-09-04T11:00:00Z,2015-09-04T13:00:00+0200,1067,1448
2015-09-04T12:00:00Z,2015-09-04T14:00:00+0200,1976,2191
2015-09-04T13:00:00Z,2015-09-04T15:00:00+0200,1903,2416
2015-09-04T14:00:00Z,2015-09-04T16:00:00+0200,985,1778
2015-09-04T15:00:00Z,2015-09-04T17:00:00+0200,1906,2846
2015-09-04T16:00:00Z,2015-09-04T18:00:00+0200,1806,2838
2015-09-04T17:00:00Z,2015-09-04T19:00:00+0200,1798,2852
2015-09-04T18:00:00Z,2015-09-04T20:00:00+0200,1666,2090
2015-09-04T19:00:00Z,2015-09-04T21:00:00+0200,938,1859
2015-09-04T20:00:00Z,2015-09-04T22:00:00+0200,795,2554
2015-09-04T21:00:00Z,2015-09-04T23:00:00+0200,1474,2604
2015-09-04T22:00:00Z,2015-09-05T00:00:00+0200,1199,2692
2015-09-04T23:00:00Z,2015-09-05T01:00:00+0200,1024,2622
2015-09-05T00:00:00Z,2015-09-05T02:00:00+0200,1127,2609
2015-09-05T01:00:00Z,2015-09-05T03:00:00+0200,1150,2452
2015-09-05T02:00:00Z,2015-09-05T04:00:00+0200,1602,2358
2015-09-05T03:00:00Z,2015-09-05T05:00:00+0200,1576,2402
2015-09-05T04:00:00Z,2015-09-05T06:00:00+0200,1438,2353
2015-09-05T05:00:00Z,2015-09-05T07:00:00+0200,1656,2126
2015-09-05T06:00:00Z,2015-09-05T08:00:00+0200,1672,2096
2015-09-05T07:00:00Z,2015-09-05T09:00:00+0200,1425,2037
2015-09-05T08:00:00Z,2015-09-05T10:00:00+0200,1649,2206
2015-09-05T09:00:00Z,2015-09-05T11:00:00+0200,1240,2389
2015-09-05T10:00:00Z,2015-09-05T12:00:00+0200,1700,2208
2015-09-05T11:00:00Z,2015-09-05T13:00:00+0200,1622,2085
2015-09-05T12:00:00Z,2015-09-05T14:00:00+0200,2117,2078
2015-09-05T13:00:00Z,2015-09-05T15:00:00+0200,1962,2120
2015-09-05T14:00:00Z,2015-09-05T16:00:00+0200,1927,2176
2015-09-05T15:00:00Z,2015-09-05T17:00:00+0200,2568,2005
2015-09-05T16:00:00Z,2015-09-05T18:00:00+0200,2654,1903
2015-09-05T17:00:00Z,2015-09-05T19:00:00+0200,2637,1667
2015-09-05T18:00:00Z,2015-09-05T20:00:00+0200,2687,1408
2015-09-05T19:00:00Z,2015-09-05T21:00:00+0200,2607,1296
2015-09-05T20:00:00Z,2015-09-05T22:00:00+0200,2602,1192
2015-09-05T21:00:00Z,2015-09-05T23:00:00+0200,2326,1105
2015-09-05T22:00:00Z,2015-09-06T00:00:00+0200,1890,1107
2015-09-05T23:00:00Z,2015-09-06T01:00:00+0200,1794,1204
2015-09-06T00:00:00Z,2015-09-06T02:00:00+0200,1876,1336
2015-09-06T01:00:00Z,2015-09-06T03:00:00+0200,1880,1414
2015-09-06T02:00:00Z,2015-09-06T04:00:00+0200,1920,1429
2015-09-06T03:00:00Z,2015-09-06T05:00:00+0200,1887,1560
2015-09-06T04:00:00Z,2015-09-06T06:00:00+0200,1814,1600
2015-09-06T05:00:00Z,2015-09-06T07:00:00+0200,1770,1680
2015-09-06T06:00:00Z,2015-09-06T08:00:00+0200,1710,1753
2015-09-06T07:00:00Z,2015-09-06T09:00:00+0200,1541,1654
2015-09-06T08:00:00Z,2015-09-06T10:00:00+0200,1308,1850
2015-09-06T09:00:00Z,2015-09-06T11:00:00+0200,984,2176
2015-09-06T10:00:00Z,2015-09-06T12:00:00+0200,738,2321
2015-09-06T11:00:00Z,2015-09-06T13:00:00+0200,532,2394
2015-09-06T12:00:00Z,2015-09-06T14:00:00+0200,484,2461
2015-09-06T13:00:00Z,2015-09-06T15:00:00+0200,638,2570
2015-09-06T14:00:00Z,2015-09-06T16:00:00+0200,857,2598
2015-09-06T15:00:00Z,2015-09-06T17:00:00+0200,894,2348
2015-09-06T16:00:00Z,2015-09-06T18:00:00+0200,794,2171
2015-09-06T17:00:00Z,2015-09-06T19:00:00+0200,715,1948
2015-09-06T18:00:00Z,2015-09-06T20:00:00+0200,668,1726
2015-09-06T19:00:00Z,2015-09-06T21:00:00+0200,568,1464
2015-09-06T20:00:00Z,2015-09-06T22:00:00+0200,537,1420
2015-09-06T21:00:00Z,2015-09-06T23:00:00+0200,500,1192
2015-09-06T22:00:00Z,2015-09-07T00:00:00+0200,462,1031
2015-09-06T23:00:00Z,2015-09-07T01:00:00+0200,656,874
2015-09-07T00:00:00Z,2015-09-07T02:00:00+0200,742,829
2015-09-07T01:00:00Z,2015-09-07T03:00:00+0200,676,750
2015-09-07T02:00:00Z,2015-09-07T04:00:00+0200,592,638
2015-09-07T03:00:00Z,2015-09-07T05:00:00+0200,639,524
2015-09-07T04:00:00Z,2015-09-07T06:00:00+0200,844,444
2015-09-07T05:00:00Z,2015-09-07T07:00:00+0200,1152,426
2015-09-07T06:00:00Z,2015-09-07T08:00:00+0200,1228,394
2015-09-07T07:00:00Z,2015-09-07T09:00:00+0200,1269,343
2015-09-07T08:00:00Z,2015-09-07T10:00:00+0200,1240,338
2015-09-07T09:00:00Z,2015-09-07T11:00:00+0200,1152,340
2015-09-07T10:00:00Z,2015-09-07T12:00:00+0200,1020,332
2015-09-07T11:00:00Z,2015-09-07T13:00:00+0200,941,322
2015-09-07T12:00:00Z,2015-09-07T14:00:00+0200,890,322
2015-09-07T13:00:00Z,2015-09-07T15:00:00+0200,864,320
2015-09-07T14:00:00Z,2015-09-07T16:00:00+0200,868,318
2015-09-07T15:00:00Z,2015-09-07T17:00:00+0200,905,321
2015-09-07T16:00:00Z,2015-09-07T18:00:00+0200,1024,310
2015-09-07T17:00:00Z,2015-09-07T19:00:00+0200,1212,288
2015-09-07T18:00:00Z,2015-09-07T20:00:00+0200,1130,248
2015-09-07T19:00:00Z,2015-09-07T21:00:00+0200,976,204
2015-09-07T20:00:00Z,2015-09-07T22:00:00+0200,908,185
2015-09-07T21:00:00Z,2015-09-07T23:00:00+0200,718,163
2015-09-07T22:00:00Z,2015-09-08T00:00:00+0200,608,151
2015-09-07T23:00:00Z,2015-09-08T01:00:00+0200,520,152
2015-09-08T00:00:00Z,2015-09-08T02:00:00+0200,498,180
2015-09-08T01:00:00Z,2015-09-08T03:00:00+0200,548,173
2015-09-08T02:00:00Z,2015-09-08T04:00:00+0200,574,189
2015-09-08T03:00:00Z,2015-09-08T05:00:00+0200,671,202
2015-09-08T04:00:00Z,2015-09-08T06:00:00+0200,786,237
2015-09-08T05:00:00Z,2015-09-08T07:00:00+0200,742,268
2015-09-08T06:00:00Z,2015-09-08T08:00:00+0200,696,287
2015-09-08T07:00:00Z,2015-09-08T09:00:00+0200,584,247
2015-09-08T08:00:00Z,2015-09-08T10:00:00+0200,496,260
2015-09-08T09:00:00Z,2015-09-08T11:00:00+0200,398,307
2015-09-08T10:00:00Z,2015-09-08T12:00:00+0200,308,396
2015-09-08T11:00:00Z,2015-09-08T13:00:00+0200,302,468
2015-09-08T12:00:00Z,2015-09-08T14:00:00+0200,272,536
2015-09-08T13:00:00Z,2015-09-08T15:00:00+0200,284,595
2015-09-08T14:00:00Z,2015-09-08T16:00:00+0200,320,587
2015-09-08T15:00:00Z,2015-09-08T17:00:00+0200,391,634
2015-09-08T16:00:00Z,2015-09-08T18:00:00+0200,464,654
2015-09-08T17:00:00Z,2015-09-08T19:00:00+0200,538,622
2015-09-08T18:00:00Z,2015-09-08T20:00:00+0200,608,601
2015-09-08T19:00:00Z,2015-09-08T21:00:00+0200,680,653
2015-09-08T20:00:00Z,2015-09-08T22:00:00+0200,776,755
2015-09-08T21:00:00Z,2015-09-08T23:00:00+0200,898,842
2015-09-08T22:00:00Z,2015-09-09T00:00:00+0200,766,877
2015-09-08T23:00:00Z,2015-09-09T01:00:00+0200,610,830
2015-09-09T00:00:00Z,2015-09-09T02:00:00+0200,702,858
2015-09-09T01:00:00Z,2015-09-09T03:00:00+0200,731,827
2015-09-09T02:00:00Z,2015-09-09T04:00:00+0200,800,792
2015-09-09T03:00:00Z,2015-09-09T05:00:00+0200,764,761
2015-09-09T04:00:00Z,2015-09-09T06:00:00+0200,848,764
2015-09-09T05:00:00Z,2015-09-09T07:00:00+0200,772,737
2015-09-09T06:00:00Z,2015-09-09T08:00:00+0200,737,760
2015-09-09T07:00:00Z,2015-09-09T09:00:00+0200,680,747
2015-09-09T08:00:00Z,2015-09-09T10:00:00+0200,683,830
2015-09-09T09:00:00Z,2015-09-09T11:00:00+0200,818,1028
2015-09-09T10:00:00Z,2015-09-09T12:00:00+0200,1003,1238
2015-09-09T11:00:00Z,2015-09-09T13:00:00+0200,992,1334
2015-09-09T12:00:00Z,2015-09-09T14:00:00+0200,1060,1524
2015-09-09T13:00:00Z,2015-09-09T15:00:00+0200,1217,1624
2015-09-09T14:00:00Z,2015-09-09T16:00:00+0200,1207,1674
2015-09-09T15:00:00Z,2015-09-09T17:00:00+0200,1226,1771
2015-09-09T16:00:00Z,2015-09-09T18:00:00+0200,1298,1878
2015-09-09T17:00:00Z,2015-09-09T19:00:00+0200,1491,1908
2015-09-09T18:00:00Z,2015-09-09T20:00:00+0200,1762,1780
2015-09-09T19:00:00Z,2015-09-09T21:00:00+0200,1494,1640
2015-09-09T20:00:00Z,2015-09-09T22:00:00+0200,1371,1633
2015-09-09T21:00:00Z,2015-09-09T23:00:00+0200,1534,1712
2015-09-09T22:00:00Z,2015-09-10T00:00:00+0200,1664,1712
2015-09-09T23:00:00Z,2015-09-10T01:00:00+0200,1857,1810
2015-09-10T00:00:00Z,2015-09-10T02:00:00+0200,1831,1900
2015-09-10T01:00:00Z,2015-09-10T03:00:00+0200,1610,1774
2015-09-10T02:00:00Z,2015-09-10T04:00:00+0200,1410,1798
2015-09-10T03:00:00Z,2015-09-10T05:00:00+0200,1384,1786
2015-09-10T04:00:00Z,2015-09-10T06:00:00+0200,1250,1670
2015-09-10T05:00:00Z,2015-09-10T07:00:00+0200,1298,1722
2015-09-10T06:00:00Z,2015-09-10T08:00:00+0200,1709,2382
2015-09-10T07:00:00Z,2015-09-10T09:00:00+0200,1424,2454
2015-09-10T08:00:00Z,2015-09-10T10:00:00+0200,1263,2089
2015-09-10T09:00:00Z,2015-09-10T11:00:00+0200,1407,2830
2015-09-10T10:00:00Z,2015-09-10T12:00:00+0200,1682,3115
2015-09-10T11:00:00Z,2015-09-10T13:00:00+0200,669,2114
2015-09-10T12:00:00Z,2015-09-10T14:00:00+0200,907,2186
2015-09-10T13:00:00Z,2015-09-10T15:00:00+0200,1832,3279
2015-09-10T14:00:00Z,2015-09-10T16:00:00+0200,1888,3324
2015-09-10T15:00:00Z,2015-09-10T17:00:00+0200,2086,2872
2015-09-10T16:00:00Z,2015-09-10T18:00:00+0200,882,2234
2015-09-10T17:00:00Z,2015-09-10T19:00:00+0200,978,1985
2015-09-10T18:00:00Z,2015-09-10T20:00:00+0200,1991,2763
2015-09-10T19:00:00Z,2015-09-10T21:00:00+0200,2609,3006
2015-09-10T20:00:00Z,2015-09-10T22:00:00+0200,2931,3350
2015-09-10T21:00:00Z,2015-09-10T23:00:00+0200,3034,3385
2015-09-10T22:00:00Z,2015-09-11T00:00:00+0200,1391,2246
2015-09-10T23:00:00Z,2015-09-11T01:00:00+0200,2882,3365
2015-09-11T00:00:00Z,2015-09-11T02:00:00+0200,2045,2844
2015-09-11T01:00:00Z,2015-09-11T03:00:00+0200,1949,2937
2015-09-11T02:00:00Z,2015-09-11T04:00:00+0200,1810,3003
2015-09-11T03:00:00Z,2015-09-11T05:00:00+0200,903,1910
2015-09-11T04:00:00Z,2015-09-11T06:00:00+0200,773,1972
2015-09-11T05:00:00Z,2015-09-11T07:00:00+0200,1025,1925
2015-09-11T06:00:00Z,2015-09-11T08:00:00+0200,1936,3434
2015-09-11T07:00:00Z,2015-09-11T09:00:00+0200,1970,3730
2015-09-11T08:00:00Z,2015-09-11T10:00:00+0200,1902,3546
2015-09-11T09:00:00Z,2015-09-11T11:00:00+0200,1739,3896
2015-09-11T10:00:00Z,2015-09-11T12:00:00+0200,840,2681
2015-09-11T11:00:00Z,2015-09-11T13:00:00+0200,2058,4442
2015-09-11T12:00:00Z,2015-09-11T14:00:00+0200,1049,4596
2015-09-11T13:00:00Z,2015-09-11T15:00:00+0200,2016,4608
2015-09-11T14:00:00Z,2015-09-11T16:00:00+0200,1974,4400
2015-09-11T15:00:00Z,2015-09-11T17:00:00+0200,2056,4233
2015-09-11T16:00:00Z,2015-09-11T18:00:00+0200,2272,3976
2015-09-11T17:00:00Z,2015-09-11T19:00:00+0200,2357,4072
2015-09-11T18:00:00Z,2015-09-11T20:00:00+0200,2736,4299
2015-09-11T19:00:00Z,2015-09-11T21:00:00+0200,2779,4298
2015-09-11T20:00:00Z,2015-09-11T22:00:00+0200,2507,4228
2015-09-11T21:00:00Z,2015-09-11T23:00:00+0200,1242,2825
2015-09-11T22:00:00Z,2015-09-12T00:00:00+0200,1274,2874
2015-09-11T23:00:00Z,2015-09-12T01:00:00+0200,2650,4284
2015-09-12T00:00:00Z,2015-09-12T02:00:00+0200,2558,4140
2015-09-12T01:00:00Z,2015-09-12T03:00:00+0200,2592,4054
2015-09-12T02:00:00Z,2015-09-12T04:00:00+0200,2641,4104
2015-09-12T03:00:00Z,2015-09-12T05:00:00+0200,2838,4338
2015-09-12T04:00:00Z,2015-09-12T06:00:00+0200,2848,4536
2015-09-12T05:00:00Z,2015-09-12T07:00:00+0200,2941,4642
2015-09-12T06:00:00Z,2015-09-12T08:00:00+0200,2923,4408
2015-09-12T07:00:00Z,2015-09-12T09:00:00+0200,2904,4474
2015-09-12T08:00:00Z,2015-09-12T10:00:00+0200,2814,4912
2015-09-12T09:00:00Z,2015-09-12T11:00:00+0200,2292,3468
2015-09-12T10:00:00Z,2015-09-12T12:00:00+0200,2444,4759
2015-09-12T11:00:00Z,2015-09-12T13:00:00+0200,2370,4574
2015-09-12T12:00:00Z,2015-09-12T14:00:00+0200,2439,4392
2015-09-12T13:00:00Z,2015-09-12T15:00:00+0200,2799,4252
2015-09-12T14:00:00Z,2015-09-12T16:00:00+0200,3016,4138
2015-09-12T15:00:00Z,2015-09-12T17:00:00+0200,2668,3813
2015-09-12T16:00:00Z,2015-09-12T18:00:00+0200,2236,3410
2015-09-12T17:00:00Z,2015-09-12T19:00:00+0200,2142,3004
2015-09-12T18:00:00Z,2015-09-12T20:00:00+0200,2212,2486
2015-09-12T19:00:00Z,2015-09-12T21:00:00+0200,1159,2118
2015-09-12T20:00:00Z,2015-09-12T22:00:00+0200,2178,2019
2015-09-12T21:00:00Z,2015-09-12T23:00:00+0200,887,1251
2015-09-12T22:00:00Z,2015-09-13T00:00:00+0200,1351,1924
2015-09-12T23:00:00Z,2015-09-13T01:00:00+0200,978,1956
2015-09-13T00:00:00Z,2015-09-13T02:00:00+0200,610,1804
2015-09-13T01:00:00Z,2015-09-13T03:00:00+0200,700,1744
2015-09-13T02:00:00Z,2015-09-13T04:00:00+0200,609,1730
2015-09-13T03:00:00Z,2015-09-13T05:00:00+0200,482,1756
2015-09-13T04:00:00Z,2015-09-13T06:00:00+0200,460,1744
2015-09-13T05:00:00Z,2015-09-13T07:00:00+0200,474,1806
2015-09-13T06:00:00Z,2015-09-13T08:00:00+0200,559,1848
2015-09-13T07:00:00Z,2015-09-13T09:00:00+0200,539,1749
2015-09-13T08:00:00Z,2015-09-13T10:00:00+0200,557,1721
2015-09-13T09:00:00Z,2015-09-13T11:00:00+0200,439,1860
2015-09-13T10:00:00Z,2015-09-13T12:00:00+0200,340,1902
2015-09-13T11:00:00Z,2015-09-13T13:00:00+0200,304,1909
2015-09-13T12:00:00Z,2015-09-13T14:00:00+0200,288,1881
2015-09-13T13:00:00Z,2015-09-13T15:00:00+0200,313,1712
2015-09-13T14:00:00Z,2015-09-13T16:00:00+0200,324,1514
2015-09-13T15:00:00Z,2015-09-13T17:00:00+0200,360,1244
2015-09-13T16:00:00Z,2015-09-13T18:00:00+0200,332,858
2015-09-13T17:00:00Z,2015-09-13T19:00:00+0200,294,786
2015-09-13T18:00:00Z,2015-09-13T20:00:00+0200,132,546
2015-09-13T19:00:00Z,2015-09-13T21:00:00+0200,281,679
2015-09-13T20:00:00Z,2015-09-13T22:00:00+0200,301,768
2015-09-13T21:00:00Z,2015-09-13T23:00:00+0200,172,778
2015-09-13T22:00:00Z,2015-09-14T00:00:00+0200,296,824
2015-09-13T23:00:00Z,2015-09-14T01:00:00+0200,404,853
2015-09-14T00:00:00Z,2015-09-14T02:00:00+0200,551,835
2015-09-14T01:00:00Z,2015-09-14T03:00:00+0200,776,828
2015-09-14T02:00:00Z,2015-09-14T04:00:00+0200,500,737
2015-09-14T03:00:00Z,2015-09-14T05:00:00+0200,766,793
2015-09-14T04:00:00Z,2015-09-14T06:00:00+0200,866,908
2015-09-14T05:00:00Z,2015-09-14T07:00:00+0200,444,666
2015-09-14T06:00:00Z,2015-09-14T08:00:00+0200,899,974
2015-09-14T07:00:00Z,2015-09-14T09:00:00+0200,1018,994
2015-09-14T08:00:00Z,2015-09-14T10:00:00+0200,550,785
2015-09-14T09:00:00Z,2015-09-14T11:00:00+0200,566,824
2015-09-14T10:00:00Z,2015-09-14T12:00:00+0200,659,863
2015-09-14T11:00:00Z,2015-09-14T13:00:00+0200,723,973
2015-09-14T12:00:00Z,2015-09-14T14:00:00+0200,639,1037
2015-09-14T13:00:00Z,2015-09-14T15:00:00+0200,1169,1486
2015-09-14T14:00:00Z,2015-09-14T16:00:00+0200,936,1220
2015-09-14T15:00:00Z,2015-09-14T17:00:00+0200,999,1261
2015-09-14T16:00:00Z,2015-09-14T18:00:00+0200,1007,1231
2015-09-14T17:00:00Z,2015-09-14T19:00:00+0200,1028,1220
2015-09-14T18:00:00Z,2015-09-14T20:00:00+0200,1055,1166
2015-09-14T19:00:00Z,2015-09-14T21:00:00+0200,1144,1131
2015-09-14T20:00:00Z,2015-09-14T22:00:00+0200,1268,1048
2015-09-14T21:00:00Z,2015-09-14T23:00:00+0200,1264,999
2015-09-14T22:00:00Z,2015-09-15T00:00:00+0200,1241,955
2015-09-14T23:00:00Z,2015-09-15T01:00:00+0200,1213,907
2015-09-15T00:00:00Z,2015-09-15T02:00:00+0200,1219,816
2015-09-15T01:00:00Z,2015-09-15T03:00:00+0200,1153,773
2015-09-15T02:00:00Z,2015-09-15T04:00:00+0200,1140,794
2015-09-15T03:00:00Z,2015-09-15T05:00:00+0200,1119,756
2015-09-15T04:00:00Z,2015-09-15T06:00:00+0200,1054,718
2015-09-15T05:00:00Z,2015-09-15T07:00:00+0200,1121,721
2015-09-15T06:00:00Z,2015-09-15T08:00:00+0200,1188,776
2015-09-15T07:00:00Z,2015-09-15T09:00:00+0200,1278,811
2015-09-15T08:00:00Z,2015-09-15T10:00:00+0200,1265,834
2015-09-15T09:00:00Z,2015-09-15T11:00:00+0200,1159,798
2015-09-15T10:00:00Z,2015-09-15T12:00:00+0200,1120,784
2015-09-15T11:00:00Z,2015-09-15T13:00:00+0200,1116,789
2015-09-15T12:00:00Z,2015-09-15T14:00:00+0200,1118,806
2015-09-15T13:00:00Z,2015-09-15T15:00:00+0200,1183,757
2015-09-15T14:00:00Z,2015-09-15T16:00:00+0200,1146,766
2015-09-15T15:00:00Z,2015-09-15T17:00:00+0200,1082,739
2015-09-15T16:00:00Z,2015-09-15T18:00:00+0200,1005,685
2015-09-15T17:00:00Z,2015-09-15T19:00:00+0200,1022,607
2015-09-15T18:00:00Z,2015-09-15T20:00:00+0200,987,552
2015-09-15T19:00:00Z,2015-09-15T21:00:00+0200,931,429
2015-09-15T20:00:00Z,2015-09-15T22:00:00+0200,773,374
2015-09-15T21:00:00Z,2015-09-15T23:00:00+0200,535,312
2015-09-15T22:00:00Z,2015-09-16T00:00:00+0200,286,282
2015-09-15T23:00:00Z,2015-09-16T01:00:00+0200,186,260
2015-09-16T00:00:00Z,2015-09-16T02:00:00+0200,128,264
2015-09-16T01:00:00Z,2015-09-16T03:00:00+0200,121,274
2015-09-16T02:00:00Z,2015-09-16T04:00:00+0200,205,289
2015-09-16T03:00:00Z,2015-09-16T05:00:00+0200,278,301
2015-09-16T04:00:00Z,2015-09-16T06:00:00+0200,240,324
2015-09-16T05:00:00Z,2015-09-16T07:00:00+0200,263,339
2015-09-16T06:00:00Z,2015-09-16T08:00:00+0200,426,355
2015-09-16T07:00:00Z,2015-09-16T09:00:00+0200,381,386
2015-09-16T08:00:00Z,2015-09-16T10:00:00+0200,676,367
2015-09-16T09:00:00Z,2015-09-16T11:00:00+0200,741,423
2015-09-16T10:00:00Z,2015-09-16T12:00:00+0200,1056,452
2015-09-16T11:00:00Z,2015-09-16T13:00:00+0200,660,500
2015-09-16T12:00:00Z,2015-09-16T14:00:00+0200,586,567
2015-09-16T13:00:00Z,2015-09-16T15:00:00+0200,734,616
2015-09-16T14:00:00Z,2015-09-16T16:00:00+0200,1272,708
2015-09-16T15:00:00Z,2015-09-16T17:00:00+0200,1360,764
2015-09-16T16:00:00Z,2015-09-16T18:00:00+0200,1671,804
2015-09-16T17:00:00Z,2015-09-16T19:00:00+0200,1686,748
2015-09-16T18:00:00Z,2015-09-16T20:00:00+0200,807,725
2015-09-16T19:00:00Z,2015-09-16T21:00:00+0200,1304,638
2015-09-16T20:00:00Z,2015-09-16T22:00:00+0200,2430,663
2015-09-16T21:00:00Z,2015-09-16T23:00:00+0200,2049,554
2015-09-16T22:00:00Z,2015-09-17T00:00:00+0200,1658,519
2015-09-16T23:00:00Z,2015-09-17T01:00:00+0200,1474,514
2015-09-17T00:00:00Z,2015-09-17T02:00:00+0200,1384,592
2015-09-17T01:00:00Z,2015-09-17T03:00:00+0200,1257,621
2015-09-17T02:00:00Z,2015-09-17T04:00:00+0200,733,523
2015-09-17T03:00:00Z,2015-09-17T05:00:00+0200,1219,721
2015-09-17T04:00:00Z,2015-09-17T06:00:00+0200,1532,626
2015-09-17T05:00:00Z,2015-09-17T07:00:00+0200,1358,589
2015-09-17T06:00:00Z,2015-09-17T08:00:00+0200,1255,543
2015-09-17T07:00:00Z,2015-09-17T09:00:00+0200,1258,518
2015-09-17T08:00:00Z,2015-09-17T10:00:00+0200,1008,512
2015-09-17T09:00:00Z,2015-09-17T11:00:00+0200,960,561
2015-09-17T10:00:00Z,2015-09-17T12:00:00+0200,899,572
2015-09-17T11:00:00Z,2015-09-17T13:00:00+0200,730,586
2015-09-17T12:00:00Z,2015-09-17T14:00:00+0200,826,604
2015-09-17T13:00:00Z,2015-09-17T15:00:00+0200,1047,664
2015-09-17T14:00:00Z,2015-09-17T16:00:00+0200,1290,692
2015-09-17T15:00:00Z,2015-09-17T17:00:00+0200,1384,743
2015-09-17T16:00:00Z,2015-09-17T18:00:00+0200,1271,634
2015-09-17T17:00:00Z,2015-09-17T19:00:00+0200,494,413
2015-09-17T18:00:00Z,2015-09-17T20:00:00+0200,1093,460
2015-09-17T19:00:00Z,2015-09-17T21:00:00+0200,1307,305
2015-09-17T20:00:00Z,2015-09-17T22:00:00+0200,1486,330
2015-09-17T21:00:00Z,2015-09-17T23:00:00+0200,1538,290
2015-09-17T22:00:00Z,2015-09-18T00:00:00+0200,593,344
2015-09-17T23:00:00Z,2015-09-18T01:00:00+0200,989,345
2015-09-18T00:00:00Z,2015-09-18T02:00:00+0200,998,406
2015-09-18T01:00:00Z,2015-09-18T03:00:00+0200,924,422
2015-09-18T02:00:00Z,2015-09-18T04:00:00+0200,774,440
2015-09-18T03:00:00Z,2015-09-18T05:00:00+0200,580,482
2015-09-18T04:00:00Z,2015-09-18T06:00:00+0200,682,534
2015-09-18T05:00:00Z,2015-09-18T07:00:00+0200,606,506
2015-09-18T06:00:00Z,2015-09-18T08:00:00+0200,512,467
2015-09-18T07:00:00Z,2015-09-18T09:00:00+0200,424,482
2015-09-18T08:00:00Z,2015-09-18T10:00:00+0200,296,520
2015-09-18T09:00:00Z,2015-09-18T11:00:00+0200,228,552
2015-09-18T10:00:00Z,2015-09-18T12:00:00+0200,279,532
2015-09-18T11:00:00Z,2015-09-18T13:00:00+0200,291,496
2015-09-18T12:00:00Z,2015-09-18T14:00:00+0200,338,477
2015-09-18T13:00:00Z,2015-09-18T15:00:00+0200,256,500
2015-09-18T14:00:00Z,2015-09-18T16:00:00+0200,220,518
2015-09-18T15:00:00Z,2015-09-18T17:00:00+0200,215,528
2015-09-18T16:00:00Z,2015-09-18T18:00:00+0200,360,522
2015-09-18T17:00:00Z,2015-09-18T19:00:00+0200,465,476
2015-09-18T18:00:00Z,2015-09-18T20:00:00+0200,513,420
2015-09-18T19:00:00Z,2015-09-18T21:00:00+0200,615,360
2015-09-18T20:00:00Z,2015-09-18T22:00:00+0200,668,332
2015-09-18T21:00:00Z,2015-09-18T23:00:00+0200,756,304
2015-09-18T22:00:00Z,2015-09-19T00:00:00+0200,488,249
2015-09-18T23:00:00Z,2015-09-19T01:00:00+0200,970,300
2015-09-19T00:00:00Z,2015-09-19T02:00:00+0200,1134,324
2015-09-19T01:00:00Z,2015-09-19T03:00:00+0200,1042,254
2015-09-19T02:00:00Z,2015-09-19T04:00:00+0200,990,255
2015-09-19T03:00:00Z,2015-09-19T05:00:00+0200,828,239
2015-09-19T04:00:00Z,2015-09-19T06:00:00+0200,417,213
2015-09-19T05:00:00Z,2015-09-19T07:00:00+0200,469,236
2015-09-19T06:00:00Z,2015-09-19T08:00:00+0200,957,248
2015-09-19T07:00:00Z,2015-09-19T09:00:00+0200,924,234
2015-09-19T08:00:00Z,2015-09-19T10:00:00+0200,834,230
2015-09-19T09:00:00Z,2015-09-19T11:00:00+0200,429,298
2015-09-19T10:00:00Z,2015-09-19T12:00:00+0200,205,422
2015-09-19T11:00:00Z,2015-09-19T13:00:00+0200,125,236
2015-09-19T12:00:00Z,2015-09-19T14:00:00+0200,146,430
2015-09-19T13:00:00Z,2015-09-19T15:00:00+0200,148,192
2015-09-19T14:00:00Z,2015-09-19T16:00:00+0200,87,534
2015-09-19T15:00:00Z,2015-09-19T17:00:00+0200,88,544
2015-09-19T16:00:00Z,2015-09-19T18:00:00+0200,104,524
2015-09-19T17:00:00Z,2015-09-19T19:00:00+0200,128,404
2015-09-19T18:00:00Z,2015-09-19T20:00:00+0200,164,316
2015-09-19T19:00:00Z,2015-09-19T21:00:00+0200,166,312
2015-09-19T20:00:00Z,2015-09-19T22:00:00+0200,154,346
2015-09-19T21:00:00Z,2015-09-19T23:00:00+0200,99,361
2015-09-19T22:00:00Z,2015-09-20T00:00:00+0200,239,300
2015-09-19T23:00:00Z,2015-09-20T01:00:00+0200,284,294
2015-09-20T00:00:00Z,2015-09-20T02:00:00+0200,411,321
2015-09-20T01:00:00Z,2015-09-20T03:00:00+0200,410,324
2015-09-20T02:00:00Z,2015-09-20T04:00:00+0200,466,370
2015-09-20T03:00:00Z,2015-09-20T05:00:00+0200,492,376
2015-09-20T04:00:00Z,2015-09-20T06:00:00+0200,474,398
2015-09-20T05:00:00Z,2015-09-20T07:00:00+0200,444,506
2015-09-20T06:00:00Z,2015-09-20T08:00:00+0200,449,593
2015-09-20T07:00:00Z,2015-09-20T09:00:00+0200,412,599
2015-09-20T08:00:00Z,2015-09-20T10:00:00+0200,364,664
2015-09-20T09:00:00Z,2015-09-20T11:00:00+0200,499,930
2015-09-20T10:00:00Z,2015-09-20T12:00:00+0200,522,1140
2015-09-20T11:00:00Z,2015-09-20T13:00:00+0200,392,1244
2015-09-20T12:00:00Z,2015-09-20T14:00:00+0200,459,1352
2015-09-20T13:00:00Z,2015-09-20T15:00:00+0200,515,1345
2015-09-20T14:00:00Z,2015-09-20T16:00:00+0200,644,1411
2015-09-20T15:00:00Z,2015-09-20T17:00:00+0200,872,1418
2015-09-20T16:00:00Z,2015-09-20T18:00:00+0200,968,1345
2015-09-20T17:00:00Z,2015-09-20T19:00:00+0200,1031,1340
2015-09-20T18:00:00Z,2015-09-20T20:00:00+0200,1220,1330
2015-09-20T19:00:00Z,2015-09-20T21:00:00+0200,1316,1327
2015-09-20T20:00:00Z,2015-09-20T22:00:00+0200,1428,1340
2015-09-20T21:00:00Z,2015-09-20T23:00:00+0200,1526,1274
2015-09-20T22:00:00Z,2015-09-21T00:00:00+0200,1520,1281
2015-09-20T23:00:00Z,2015-09-21T01:00:00+0200,1664,1292
2015-09-21T00:00:00Z,2015-09-21T02:00:00+0200,1520,1350
2015-09-21T01:00:00Z,2015-09-21T03:00:00+0200,1506,1252
2015-09-21T02:00:00Z,2015-09-21T04:00:00+0200,1464,1154
2015-09-21T03:00:00Z,2015-09-21T05:00:00+0200,1204,1117
2015-09-21T04:00:00Z,2015-09-21T06:00:00+0200,1358,1018
2015-09-21T05:00:00Z,2015-09-21T07:00:00+0200,1442,942
2015-09-21T06:00:00Z,2015-09-21T08:00:00+0200,1650,863
2015-09-21T07:00:00Z,2015-09-21T09:00:00+0200,1524,791
2015-09-21T08:00:00Z,2015-09-21T10:00:00+0200,1591,866
2015-09-21T09:00:00Z,2015-09-21T11:00:00+0200,1792,955
2015-09-21T10:00:00Z,2015-09-21T12:00:00+0200,1780,1097
2015-09-21T11:00:00Z,2015-09-21T13:00:00+0200,1743,1230
2015-09-21T12:00:00Z,2015-09-21T14:00:00+0200,1872,1334
2015-09-21T13:00:00Z,2015-09-21T15:00:00+0200,1950,1408
2015-09-21T14:00:00Z,2015-09-21T16:00:00+0200,1881,1390
2015-09-21T15:00:00Z,2015-09-21T17:00:00+0200,1762,1305
2015-09-21T16:00:00Z,2015-09-21T18:00:00+0200,1714,1228
2015-09-21T17:00:00Z,2015-09-21T19:00:00+0200,1786,1200
2015-09-21T18:00:00Z,2015-09-21T20:00:00+0200,1847,1119
2015-09-21T19:00:00Z,2015-09-21T21:00:00+0200,1563,1086
2015-09-21T20:00:00Z,2015-09-21T22:00:00+0200,1234,939
2015-09-21T21:00:00Z,2015-09-21T23:00:00+0200,1382,808
2015-09-21T22:00:00Z,2015-09-22T00:00:00+0200,1237,763
2015-09-21T23:00:00Z,2015-09-22T01:00:00+0200,1188,787
2015-09-22T00:00:00Z,2015-09-22T02:00:00+0200,892,837
2015-09-22T01:00:00Z,2015-09-22T03:00:00+0200,638,912
2015-09-22T02:00:00Z,2015-09-22T04:00:00+0200,634,986
2015-09-22T03:00:00Z,2015-09-22T05:00:00+0200,404,1053
2015-09-22T04:00:00Z,2015-09-22T06:00:00+0200,184,1128
2015-09-22T05:00:00Z,2015-09-22T07:00:00+0200,304,1382
2015-09-22T06:00:00Z,2015-09-22T08:00:00+0200,434,1564
2015-09-22T07:00:00Z,2015-09-22T09:00:00+0200,492,1664
2015-09-22T08:00:00Z,2015-09-22T10:00:00+0200,592,1716
2015-09-22T09:00:00Z,2015-09-22T11:00:00+0200,818,1752
2015-09-22T10:00:00Z,2015-09-22T12:00:00+0200,720,1944
2015-09-22T11:00:00Z,2015-09-22T13:00:00+0200,729,2047
2015-09-22T12:00:00Z,2015-09-22T14:00:00+0200,938,2248
2015-09-22T13:00:00Z,2015-09-22T15:00:00+0200,1180,2400
2015-09-22T14:00:00Z,2015-09-22T16:00:00+0200,1322,2674
2015-09-22T15:00:00Z,2015-09-22T17:00:00+0200,1452,2631
2015-09-22T16:00:00Z,2015-09-22T18:00:00+0200,1682,2304
2015-09-22T17:00:00Z,2015-09-22T19:00:00+0200,1919,2206
2015-09-22T18:00:00Z,2015-09-22T20:00:00+0200,1778,2049
2015-09-22T19:00:00Z,2015-09-22T21:00:00+0200,2120,1976
2015-09-22T20:00:00Z,2015-09-22T22:00:00+0200,2201,1782
2015-09-22T21:00:00Z,2015-09-22T23:00:00+0200,2124,1549
2015-09-22T22:00:00Z,2015-09-23T00:00:00+0200,2334,1406
2015-09-22T23:00:00Z,2015-09-23T01:00:00+0200,2598,1338
2015-09-23T00:00:00Z,2015-09-23T02:00:00+0200,2588,1285
2015-09-23T01:00:00Z,2015-09-23T03:00:00+0200,2622,1345
2015-09-23T02:00:00Z,2015-09-23T04:00:00+0200,2322,1304
2015-09-23T03:00:00Z,2015-09-23T05:00:00+0200,2139,1075
2015-09-23T04:00:00Z,2015-09-23T06:00:00+0200,1874,1058
2015-09-23T05:00:00Z,2015-09-23T07:00:00+0200,1988,1230
2015-09-23T06:00:00Z,2015-09-23T08:00:00+0200,2108,1341
2015-09-23T07:00:00Z,2015-09-23T09:00:00+0200,2038,1430
2015-09-23T08:00:00Z,2015-09-23T10:00:00+0200,1847,1824
2015-09-23T09:00:00Z,2015-09-23T11:00:00+0200,1669,2208
2015-09-23T10:00:00Z,2015-09-23T12:00:00+0200,1793,2398
2015-09-23T11:00:00Z,2015-09-23T13:00:00+0200,1932,2536
2015-09-23T12:00:00Z,2015-09-23T14:00:00+0200,1953,2694
2015-09-23T13:00:00Z,2015-09-23T15:00:00+0200,1878,2720
2015-09-23T14:00:00Z,2015-09-23T16:00:00+0200,1676,2457
2015-09-23T15:00:00Z,2015-09-23T17:00:00+0200,1621,2262
2015-09-23T16:00:00Z,2015-09-23T18:00:00+0200,1850,1992
2015-09-23T17:00:00Z,2015-09-23T19:00:00+0200,1838,1728
2015-09-23T18:00:00Z,2015-09-23T20:00:00+0200,1469,1482
2015-09-23T19:00:00Z,2015-09-23T21:00:00+0200,1280,1428
2015-09-23T20:00:00Z,2015-09-23T22:00:00+0200,1744,1352
2015-09-23T21:00:00Z,2015-09-23T23:00:00+0200,1910,1272
2015-09-23T22:00:00Z,2015-09-24T00:00:00+0200,2138,1308
2015-09-23T23:00:00Z,2015-09-24T01:00:00+0200,2358,1468
2015-09-24T00:00:00Z,2015-09-24T02:00:00+0200,2646,2026
2015-09-24T01:00:00Z,2015-09-24T03:00:00+0200,2829,2110
2015-09-24T02:00:00Z,2015-09-24T04:00:00+0200,2858,2235
2015-09-24T03:00:00Z,2015-09-24T05:00:00+0200,2939,2436
2015-09-24T04:00:00Z,2015-09-24T06:00:00+0200,2742,2470
2015-09-24T05:00:00Z,2015-09-24T07:00:00+0200,2995,2596
2015-09-24T06:00:00Z,2015-09-24T08:00:00+0200,3181,2521
2015-09-24T07:00:00Z,2015-09-24T09:00:00+0200,3220,2532
2015-09-24T08:00:00Z,2015-09-24T10:00:00+0200,3101,2809
2015-09-24T09:00:00Z,2015-09-24T11:00:00+0200,2456,3268
2015-09-24T10:00:00Z,2015-09-24T12:00:00+0200,2144,3649
2015-09-24T11:00:00Z,2015-09-24T13:00:00+0200,2294,3873
2015-09-24T12:00:00Z,2015-09-24T14:00:00+0200,2434,4126
2015-09-24T13:00:00Z,2015-09-24T15:00:00+0200,2323,4250
2015-09-24T14:00:00Z,2015-09-24T16:00:00+0200,2230,4000
2015-09-24T15:00:00Z,2015-09-24T17:00:00+0200,2088,4083
2015-09-24T16:00:00Z,2015-09-24T18:00:00+0200,2169,3823
2015-09-24T17:00:00Z,2015-09-24T19:00:00+0200,2098,3532
2015-09-24T18:00:00Z,2015-09-24T20:00:00+0200,1846,3326
2015-09-24T19:00:00Z,2015-09-24T21:00:00+0200,2324,3338
2015-09-24T20:00:00Z,2015-09-24T22:00:00+0200,2362,3292
2015-09-24T21:00:00Z,2015-09-24T23:00:00+0200,2242,3359
2015-09-24T22:00:00Z,2015-09-25T00:00:00+0200,1117,2168
2015-09-24T23:00:00Z,2015-09-25T01:00:00+0200,2350,3387
2015-09-25T00:00:00Z,2015-09-25T02:00:00+0200,2196,3154
2015-09-25T01:00:00Z,2015-09-25T03:00:00+0200,2002,3164
2015-09-25T02:00:00Z,2015-09-25T04:00:00+0200,986,2047
2015-09-25T03:00:00Z,2015-09-25T05:00:00+0200,954,2019
2015-09-25T04:00:00Z,2015-09-25T06:00:00+0200,1790,3036
2015-09-25T05:00:00Z,2015-09-25T07:00:00+0200,1648,2795
2015-09-25T06:00:00Z,2015-09-25T08:00:00+0200,1602,2435
2015-09-25T07:00:00Z,2015-09-25T09:00:00+0200,1238,2210
2015-09-25T08:00:00Z,2015-09-25T10:00:00+0200,822,2482
2015-09-25T09:00:00Z,2015-09-25T11:00:00+0200,563,2431
2015-09-25T10:00:00Z,2015-09-25T12:00:00+0200,574,2468
2015-09-25T11:00:00Z,2015-09-25T13:00:00+0200,508,2296
2015-09-25T12:00:00Z,2015-09-25T14:00:00+0200,292,1600
2015-09-25T13:00:00Z,2015-09-25T15:00:00+0200,204,1491
2015-09-25T14:00:00Z,2015-09-25T16:00:00+0200,236,1463
2015-09-25T15:00:00Z,2015-09-25T17:00:00+0200,410,1798
2015-09-25T16:00:00Z,2015-09-25T18:00:00+0200,436,1407
2015-09-25T17:00:00Z,2015-09-25T19:00:00+0200,321,998
2015-09-25T18:00:00Z,2015-09-25T20:00:00+0200,190,720
2015-09-25T19:00:00Z,2015-09-25T21:00:00+0200,142,553
2015-09-25T20:00:00Z,2015-09-25T22:00:00+0200,194,491
2015-09-25T21:00:00Z,2015-09-25T23:00:00+0200,164,462
2015-09-25T22:00:00Z,2015-09-26T00:00:00+0200,71,317
2015-09-25T23:00:00Z,2015-09-26T01:00:00+0200,125,506
2015-09-26T00:00:00Z,2015-09-26T02:00:00+0200,108,422
2015-09-26T01:00:00Z,2015-09-26T03:00:00+0200,114,357
2015-09-26T02:00:00Z,2015-09-26T04:00:00+0200,69,307
2015-09-26T03:00:00Z,2015-09-26T05:00:00+0200,107,421
2015-09-26T04:00:00Z,2015-09-26T06:00:00+0200,47,296
2015-09-26T05:00:00Z,2015-09-26T07:00:00+0200,87,368
2015-09-26T06:00:00Z,2015-09-26T08:00:00+0200,156,408
2015-09-26T07:00:00Z,2015-09-26T09:00:00+0200,90,288
2015-09-26T08:00:00Z,2015-09-26T10:00:00+0200,45,209
2015-09-26T09:00:00Z,2015-09-26T11:00:00+0200,58,220
2015-09-26T10:00:00Z,2015-09-26T12:00:00+0200,140,378
2015-09-26T11:00:00Z,2015-09-26T13:00:00+0200,228,498
2015-09-26T12:00:00Z,2015-09-26T14:00:00+0200,110,304
2015-09-26T13:00:00Z,2015-09-26T15:00:00+0200,299,560
2015-09-26T14:00:00Z,2015-09-26T16:00:00+0200,348,595
2015-09-26T15:00:00Z,2015-09-26T17:00:00+0200,175,411
2015-09-26T16:00:00Z,2015-09-26T18:00:00+0200,199,410
2015-09-26T17:00:00Z,2015-09-26T19:00:00+0200,376,564
2015-09-26T18:00:00Z,2015-09-26T20:00:00+0200,479,680
2015-09-26T19:00:00Z,2015-09-26T21:00:00+0200,493,666
2015-09-26T20:00:00Z,2015-09-26T22:00:00+0200,692,702
2015-09-26T21:00:00Z,2015-09-26T23:00:00+0200,693,775
2015-09-26T22:00:00Z,2015-09-27T00:00:00+0200,630,800
2015-09-26T23:00:00Z,2015-09-27T01:00:00+0200,630,831
2015-09-27T00:00:00Z,2015-09-27T02:00:00+0200,672,994
2015-09-27T01:00:00Z,2015-09-27T03:00:00+0200,712,1042
2015-09-27T02:00:00Z,2015-09-27T04:00:00+0200,706,1102
2015-09-27T03:00:00Z,2015-09-27T05:00:00+0200,576,1024
2015-09-27T04:00:00Z,2015-09-27T06:00:00+0200,559,989
2015-09-27T05:00:00Z,2015-09-27T07:00:00+0200,530,866
2015-09-27T06:00:00Z,2015-09-27T08:00:00+0200,544,840
2015-09-27T07:00:00Z,2015-09-27T09:00:00+0200,594,725
2015-09-27T08:00:00Z,2015-09-27T10:00:00+0200,704,708
2015-09-27T09:00:00Z,2015-09-27T11:00:00+0200,672,826
2015-09-27T10:00:00Z,2015-09-27T12:00:00+0200,556,1130
2015-09-27T11:00:00Z,2015-09-27T13:00:00+0200,560,1103
2015-09-27T12:00:00Z,2015-09-27T14:00:00+0200,592,1070
2015-09-27T13:00:00Z,2015-09-27T15:00:00+0200,738,966
2015-09-27T14:00:00Z,2015-09-27T16:00:00+0200,832,878
2015-09-27T15:00:00Z,2015-09-27T17:00:00+0200,915,836
2015-09-27T16:00:00Z,2015-09-27T18:00:00+0200,1114,760
2015-09-27T17:00:00Z,2015-09-27T19:00:00+0200,1016,750
2015-09-27T18:00:00Z,2015-09-27T20:00:00+0200,976,806
2015-09-27T19:00:00Z,2015-09-27T21:00:00+0200,1070,772
2015-09-27T20:00:00Z,2015-09-27T22:00:00+0200,1204,753
2015-09-27T21:00:00Z,2015-09-27T23:00:00+0200,1070,712
2015-09-27T22:00:00Z,2015-09-28T00:00:00+0200,493,508
2015-09-27T23:00:00Z,2015-09-28T01:00:00+0200,858,670
2015-09-28T00:00:00Z,2015-09-28T02:00:00+0200,901,859
2015-09-28T01:00:00Z,2015-09-28T03:00:00+0200,815,844
2015-09-28T02:00:00Z,2015-09-28T04:00:00+0200,686,838
2015-09-28T03:00:00Z,2015-09-28T05:00:00+0200,707,840
2015-09-28T04:00:00Z,2015-09-28T06:00:00+0200,594,910
2015-09-28T05:00:00Z,2015-09-28T07:00:00+0200,617,1004
2015-09-28T06:00:00Z,2015-09-28T08:00:00+0200,748,1014
2015-09-28T07:00:00Z,2015-09-28T09:00:00+0200,848,932
2015-09-28T08:00:00Z,2015-09-28T10:00:00+0200,898,955
2015-09-28T09:00:00Z,2015-09-28T11:00:00+0200,910,1104
2015-09-28T10:00:00Z,2015-09-28T12:00:00+0200,810,1422
2015-09-28T11:00:00Z,2015-09-28T13:00:00+0200,690,1638
2015-09-28T12:00:00Z,2015-09-28T14:00:00+0200,620,1868
2015-09-28T13:00:00Z,2015-09-28T15:00:00+0200,644,1918
2015-09-28T14:00:00Z,2015-09-28T16:00:00+0200,702,1964
2015-09-28T15:00:00Z,2015-09-28T17:00:00+0200,868,2004
2015-09-28T16:00:00Z,2015-09-28T18:00:00+0200,1062,2128
2015-09-28T17:00:00Z,2015-09-28T19:00:00+0200,1326,2223
2015-09-28T18:00:00Z,2015-09-28T20:00:00+0200,835,1561
2015-09-28T19:00:00Z,2015-09-28T21:00:00+0200,1726,2187
2015-09-28T20:00:00Z,2015-09-28T22:00:00+0200,1864,2341
2015-09-28T21:00:00Z,2015-09-28T23:00:00+0200,1870,2270
2015-09-28T22:00:00Z,2015-09-29T00:00:00+0200,1778,2215
2015-09-28T23:00:00Z,2015-09-29T01:00:00+0200,1680,2158
2015-09-29T00:00:00Z,2015-09-29T02:00:00+0200,1526,2308
2015-09-29T01:00:00Z,2015-09-29T03:00:00+0200,1284,2052
2015-09-29T02:00:00Z,2015-09-29T04:00:00+0200,964,1964
2015-09-29T03:00:00Z,2015-09-29T05:00:00+0200,614,1372
2015-09-29T04:00:00Z,2015-09-29T06:00:00+0200,1047,1967
2015-09-29T05:00:00Z,2015-09-29T07:00:00+0200,924,1992
2015-09-29T06:00:00Z,2015-09-29T08:00:00+0200,478,1133
2015-09-29T07:00:00Z,2015-09-29T09:00:00+0200,888,1364
2015-09-29T08:00:00Z,2015-09-29T10:00:00+0200,972,1234
2015-09-29T09:00:00Z,2015-09-29T11:00:00+0200,512,883
2015-09-29T10:00:00Z,2015-09-29T12:00:00+0200,976,1244
2015-09-29T11:00:00Z,2015-09-29T13:00:00+0200,960,1214
2015-09-29T12:00:00Z,2015-09-29T14:00:00+0200,1163,1158
2015-09-29T13:00:00Z,2015-09-29T15:00:00+0200,1264,989
2015-09-29T14:00:00Z,2015-09-29T16:00:00+0200,1282,862
2015-09-29T15:00:00Z,2015-09-29T17:00:00+0200,1448,738
2015-09-29T16:00:00Z,2015-09-29T18:00:00+0200,1682,609
2015-09-29T17:00:00Z,2015-09-29T19:00:00+0200,1921,514
2015-09-29T18:00:00Z,2015-09-29T20:00:00+0200,2023,489
2015-09-29T19:00:00Z,2015-09-29T21:00:00+0200,1940,482
2015-09-29T20:00:00Z,2015-09-29T22:00:00+0200,2104,546
2015-09-29T21:00:00Z,2015-09-29T23:00:00+0200,2040,586
2015-09-29T22:00:00Z,2015-09-30T00:00:00+0200,2020,605
2015-09-29T23:00:00Z,2015-09-30T01:00:00+0200,1862,569
2015-09-30T00:00:00Z,2015-09-30T02:00:00+0200,1717,592
2015-09-30T01:00:00Z,2015-09-30T03:00:00+0200,1514,576
2015-09-30T02:00:00Z,2015-09-30T04:00:00+0200,1402,692
2015-09-30T03:00:00Z,2015-09-30T05:00:00+0200,1356,556
2015-09-30T04:00:00Z,2015-09-30T06:00:00+0200,1460,575
2015-09-30T05:00:00Z,2015-09-30T07:00:00+0200,1582,602
2015-09-30T06:00:00Z,2015-09-30T08:00:00+0200,1642,630
2015-09-30T07:00:00Z,2015-09-30T09:00:00+0200,1541,621
2015-09-30T08:00:00Z,2015-09-30T10:00:00+0200,1572,666
2015-09-30T09:00:00Z,2015-09-30T11:00:00+0200,1508,718
2015-09-30T10:00:00Z,2015-09-30T12:00:00+0200,660,698
2015-09-30T11:00:00Z,2015-09-30T13:00:00+0200,1288,830
2015-09-30T12:00:00Z,2015-09-30T14:00:00+0200,1516,836
2015-09-30T13:00:00Z,2015-09-30T15:00:00+0200,1692,818
2015-09-30T14:00:00Z,2015-09-30T16:00:00+0200,993,739
2015-09-30T15:00:00Z,2015-09-30T17:00:00+0200,1918,780
2015-09-30T16:00:00Z,2015-09-30T18:00:00+0200,1940,708
2015-09-30T17:00:00Z,2015-09-30T19:00:00+0200,2024,591
2015-09-30T18:00:00Z,2015-09-30T20:00:00+0200,2127,675
2015-09-30T19:00:00Z,2015-09-30T21:00:00+0200,2176,653
2015-09-30T20:00:00Z,2015-09-30T22:00:00+0200,2166,662
2015-09-30T21:00:00Z,2015-09-30T23:00:00+0200,2094,610
2015-09-30T22:00:00Z,2015-10-01T00:00:00+0200,1979,603
2015-09-30T23:00:00Z,2015-10-01T01:00:00+0200,1858,521
2015-10-01T00:00:00Z,2015-10-01T02:00:00+0200,1578,544
2015-10-01T01:00:00Z,2015-10-01T03:00:00+0200,1332,607
2015-10-01T02:00:00Z,2015-10-01T04:00:00+0200,1046,610
2015-10-01T03:00:00Z,2015-10-01T05:00:00+0200,1082,591
2015-10-01T04:00:00Z,2015-10-01T06:00:00+0200,988,693
2015-10-01T05:00:00Z,2015-10-01T07:00:00+0200,571,496
2015-10-01T06:00:00Z,2015-10-01T08:00:00+0200,1114,596
2015-10-01T07:00:00Z,2015-10-01T09:00:00+0200,1202,579
2015-10-01T08:00:00Z,2015-10-01T10:00:00+0200,1030,636
2015-10-01T09:00:00Z,2015-10-01T11:00:00+0200,1058,670
2015-10-01T10:00:00Z,2015-10-01T12:00:00+0200,1480,879
2015-10-01T11:00:00Z,2015-10-01T13:00:00+0200,944,761
2015-10-01T12:00:00Z,2015-10-01T14:00:00+0200,650,618
2015-10-01T13:00:00Z,2015-10-01T15:00:00+0200,640,620
2015-10-01T14:00:00Z,2015-10-01T16:00:00+0200,1451,778
2015-10-01T15:00:00Z,2015-10-01T17:00:00+0200,800,612
2015-10-01T16:00:00Z,2015-10-01T18:00:00+0200,1613,780
2015-10-01T17:00:00Z,2015-10-01T19:00:00+0200,1618,780
2015-10-01T18:00:00Z,2015-10-01T20:00:00+0200,840,632
2015-10-01T19:00:00Z,2015-10-01T21:00:00+0200,790,636
2015-10-01T20:00:00Z,2015-10-01T22:00:00+0200,1354,856
2015-10-01T21:00:00Z,2015-10-01T23:00:00+0200,1064,940
2015-10-01T22:00:00Z,2015-10-02T00:00:00+0200,709,949
2015-10-01T23:00:00Z,2015-10-02T01:00:00+0200,476,1008
2015-10-02T00:00:00Z,2015-10-02T02:00:00+0200,314,1159
2015-10-02T01:00:00Z,2015-10-02T03:00:00+0200,305,1180
2015-10-02T02:00:00Z,2015-10-02T04:00:00+0200,238,1196
2015-10-02T03:00:00Z,2015-10-02T05:00:00+0200,214,1148
2015-10-02T04:00:00Z,2015-10-02T06:00:00+0200,127,734
2015-10-02T05:00:00Z,2015-10-02T07:00:00+0200,321,1206
2015-10-02T06:00:00Z,2015-10-02T08:00:00+0200,189,761
2015-10-02T07:00:00Z,2015-10-02T09:00:00+0200,332,1098
2015-10-02T08:00:00Z,2015-10-02T10:00:00+0200,324,1022
2015-10-02T09:00:00Z,2015-10-02T11:00:00+0200,311,1024
2015-10-02T10:00:00Z,2015-10-02T12:00:00+0200,308,998
2015-10-02T11:00:00Z,2015-10-02T13:00:00+0200,289,909
2015-10-02T12:00:00Z,2015-10-02T14:00:00+0200,270,717
2015-10-02T13:00:00Z,2015-10-02T15:00:00+0200,220,614
2015-10-02T14:00:00Z,2015-10-02T16:00:00+0200,242,570
2015-10-02T15:00:00Z,2015-10-02T17:00:00+0200,364,500
2015-10-02T16:00:00Z,2015-10-02T18:00:00+0200,533,426
2015-10-02T17:00:00Z,2015-10-02T19:00:00+0200,592,382
2015-10-02T18:00:00Z,2015-10-02T20:00:00+0200,530,300
2015-10-02T19:00:00Z,2015-10-02T21:00:00+0200,660,232
2015-10-02T20:00:00Z,2015-10-02T22:00:00+0200,370,197
2015-10-02T21:00:00Z,2015-10-02T23:00:00+0200,630,232
2015-10-02T22:00:00Z,2015-10-03T00:00:00+0200,534,224
2015-10-02T23:00:00Z,2015-10-03T01:00:00+0200,368,216
2015-10-03T00:00:00Z,2015-10-03T02:00:00+0200,211,238
2015-10-03T01:00:00Z,2015-10-03T03:00:00+0200,96,221
2015-10-03T02:00:00Z,2015-10-03T04:00:00+0200,56,200
2015-10-03T03:00:00Z,2015-10-03T05:00:00+0200,55,196
2015-10-03T04:00:00Z,2015-10-03T06:00:00+0200,31,213
2015-10-03T05:00:00Z,2015-10-03T07:00:00+0200,75,272
2015-10-03T06:00:00Z,2015-10-03T08:00:00+0200,87,275
2015-10-03T07:00:00Z,2015-10-03T09:00:00+0200,96,344
2015-10-03T08:00:00Z,2015-10-03T10:00:00+0200,30,209
2015-10-03T09:00:00Z,2015-10-03T11:00:00+0200,53,286
2015-10-03T10:00:00Z,2015-10-03T12:00:00+0200,83,303
2015-10-03T11:00:00Z,2015-10-03T13:00:00+0200,96,299
2015-10-03T12:00:00Z,2015-10-03T14:00:00+0200,70,297
2015-10-03T13:00:00Z,2015-10-03T15:00:00+0200,48,229
2015-10-03T14:00:00Z,2015-10-03T16:00:00+0200,90,313
2015-10-03T15:00:00Z,2015-10-03T17:00:00+0200,31,214
2015-10-03T16:00:00Z,2015-10-03T18:00:00+0200,25,209
2015-10-03T17:00:00Z,2015-10-03T19:00:00+0200,44,246
2015-10-03T18:00:00Z,2015-10-03T20:00:00+0200,46,224
2015-10-03T19:00:00Z,2015-10-03T21:00:00+0200,40,209
2015-10-03T20:00:00Z,2015-10-03T22:00:00+0200,50,199
2015-10-03T21:00:00Z,2015-10-03T23:00:00+0200,60,176
2015-10-03T22:00:00Z,2015-10-04T00:00:00+0200,68,158
2015-10-03T23:00:00Z,2015-10-04T01:00:00+0200,95,163
2015-10-04T00:00:00Z,2015-10-04T02:00:00+0200,122,181
2015-10-04T01:00:00Z,2015-10-04T03:00:00+0200,51,146
2015-10-04T02:00:00Z,2015-10-04T04:00:00+0200,48,190
2015-10-04T03:00:00Z,2015-10-04T05:00:00+0200,50,135
2015-10-04T04:00:00Z,2015-10-04T06:00:00+0200,220,175
2015-10-04T05:00:00Z,2015-10-04T07:00:00+0200,256,179
2015-10-04T06:00:00Z,2015-10-04T08:00:00+0200,212,568
2015-10-04T07:00:00Z,2015-10-04T09:00:00+0200,237,169
2015-10-04T08:00:00Z,2015-10-04T10:00:00+0200,146,188
2015-10-04T09:00:00Z,2015-10-04T11:00:00+0200,125,263
2015-10-04T10:00:00Z,2015-10-04T12:00:00+0200,122,440
2015-10-04T11:00:00Z,2015-10-04T13:00:00+0200,110,765
2015-10-04T12:00:00Z,2015-10-04T14:00:00+0200,146,877
2015-10-04T13:00:00Z,2015-10-04T15:00:00+0200,61,658
2015-10-04T14:00:00Z,2015-10-04T16:00:00+0200,78,716
2015-10-04T15:00:00Z,2015-10-04T17:00:00+0200,199,994
2015-10-04T16:00:00Z,2015-10-04T18:00:00+0200,233,1002
2015-10-04T17:00:00Z,2015-10-04T19:00:00+0200,298,1081
2015-10-04T18:00:00Z,2015-10-04T20:00:00+0200,165,820
2015-10-04T19:00:00Z,2015-10-04T21:00:00+0200,465,1304
2015-10-04T20:00:00Z,2015-10-04T22:00:00+0200,710,1514
2015-10-04T21:00:00Z,2015-10-04T23:00:00+0200,850,1662
2015-10-04T22:00:00Z,2015-10-05T00:00:00+0200,1277,2051
2015-10-04T23:00:00Z,2015-10-05T01:00:00+0200,1508,2266
2015-10-05T00:00:00Z,2015-10-05T02:00:00+0200,1750,2323
2015-10-05T01:00:00Z,2015-10-05T03:00:00+0200,2370,2350
2015-10-05T02:00:00Z,2015-10-05T04:00:00+0200,2111,2436
2015-10-05T03:00:00Z,2015-10-05T05:00:00+0200,2142,2520
2015-10-05T04:00:00Z,2015-10-05T06:00:00+0200,2644,2696
2015-10-05T05:00:00Z,2015-10-05T07:00:00+0200,2642,2751
2015-10-05T06:00:00Z,2015-10-05T08:00:00+0200,3126,3140
2015-10-05T07:00:00Z,2015-10-05T09:00:00+0200,3026,3506
2015-10-05T08:00:00Z,2015-10-05T10:00:00+0200,2758,3734
2015-10-05T09:00:00Z,2015-10-05T11:00:00+0200,2820,4496
2015-10-05T10:00:00Z,2015-10-05T12:00:00+0200,2776,4662
2015-10-05T11:00:00Z,2015-10-05T13:00:00+0200,2178,4506
2015-10-05T12:00:00Z,2015-10-05T14:00:00+0200,2414,4884
2015-10-05T13:00:00Z,2015-10-05T15:00:00+0200,2290,4630
2015-10-05T14:00:00Z,2015-10-05T16:00:00+0200,1776,4268
2015-10-05T15:00:00Z,2015-10-05T17:00:00+0200,1775,3966
2015-10-05T16:00:00Z,2015-10-05T18:00:00+0200,2152,3266
2015-10-05T17:00:00Z,2015-10-05T19:00:00+0200,1069,2474
2015-10-05T18:00:00Z,2015-10-05T20:00:00+0200,2128,3156
2015-10-05T19:00:00Z,2015-10-05T21:00:00+0200,2097,3110
2015-10-05T20:00:00Z,2015-10-05T22:00:00+0200,1909,3140
2015-10-05T21:00:00Z,2015-10-05T23:00:00+0200,891,2081
2015-10-05T22:00:00Z,2015-10-06T00:00:00+0200,1868,3056
2015-10-05T23:00:00Z,2015-10-06T01:00:00+0200,1738,2818
2015-10-06T00:00:00Z,2015-10-06T02:00:00+0200,1790,2584
2015-10-06T01:00:00Z,2015-10-06T03:00:00+0200,1631,2344
2015-10-06T02:00:00Z,2015-10-06T04:00:00+0200,1244,1742
2015-10-06T03:00:00Z,2015-10-06T05:00:00+0200,1614,2135
2015-10-06T04:00:00Z,2015-10-06T06:00:00+0200,1508,1780
2015-10-06T05:00:00Z,2015-10-06T07:00:00+0200,824,1524
2015-10-06T06:00:00Z,2015-10-06T08:00:00+0200,1467,795
2015-10-06T07:00:00Z,2015-10-06T09:00:00+0200,1080,1776
2015-10-06T08:00:00Z,2015-10-06T10:00:00+0200,854,1852
2015-10-06T09:00:00Z,2015-10-06T11:00:00+0200,392,1458
2015-10-06T10:00:00Z,2015-10-06T12:00:00+0200,975,1230
2015-10-06T11:00:00Z,2015-10-06T13:00:00+0200,1066,1714
2015-10-06T12:00:00Z,2015-10-06T14:00:00+0200,781,1410
2015-10-06T13:00:00Z,2015-10-06T15:00:00+0200,541,1048
2015-10-06T14:00:00Z,2015-10-06T16:00:00+0200,625,1413
2015-10-06T15:00:00Z,2015-10-06T17:00:00+0200,829,1200
2015-10-06T16:00:00Z,2015-10-06T18:00:00+0200,679,1192
2015-10-06T17:00:00Z,2015-10-06T19:00:00+0200,536,1150
2015-10-06T18:00:00Z,2015-10-06T20:00:00+0200,1282,944
2015-10-06T19:00:00Z,2015-10-06T21:00:00+0200,799,605
2015-10-06T20:00:00Z,2015-10-06T22:00:00+0200,1544,760
2015-10-06T21:00:00Z,2015-10-06T23:00:00+0200,1508,696
2015-10-06T22:00:00Z,2015-10-07T00:00:00+0200,835,556
2015-10-06T23:00:00Z,2015-10-07T01:00:00+0200,1200,824
2015-10-07T00:00:00Z,2015-10-07T02:00:00+0200,1302,963
2015-10-07T01:00:00Z,2015-10-07T03:00:00+0200,1703,1148
2015-10-07T02:00:00Z,2015-10-07T04:00:00+0200,2012,1405
2015-10-07T03:00:00Z,2015-10-07T05:00:00+0200,2278,1725
2015-10-07T04:00:00Z,2015-10-07T06:00:00+0200,2134,1930
2015-10-07T05:00:00Z,2015-10-07T07:00:00+0200,2156,1934
2015-10-07T06:00:00Z,2015-10-07T08:00:00+0200,2016,2001
2015-10-07T07:00:00Z,2015-10-07T09:00:00+0200,1915,1916
2015-10-07T08:00:00Z,2015-10-07T10:00:00+0200,1884,1944
2015-10-07T09:00:00Z,2015-10-07T11:00:00+0200,1858,2068
2015-10-07T10:00:00Z,2015-10-07T12:00:00+0200,1045,1498
2015-10-07T11:00:00Z,2015-10-07T13:00:00+0200,2186,2194
2015-10-07T12:00:00Z,2015-10-07T14:00:00+0200,2586,2271
2015-10-07T13:00:00Z,2015-10-07T15:00:00+0200,1415,2496
2015-10-07T14:00:00Z,2015-10-07T16:00:00+0200,2910,2592
2015-10-07T15:00:00Z,2015-10-07T17:00:00+0200,2941,2598
2015-10-07T16:00:00Z,2015-10-07T18:00:00+0200,2257,2304
2015-10-07T17:00:00Z,2015-10-07T19:00:00+0200,2486,2136
2015-10-07T18:00:00Z,2015-10-07T20:00:00+0200,2089,1742
2015-10-07T19:00:00Z,2015-10-07T21:00:00+0200,2083,1854
2015-10-07T20:00:00Z,2015-10-07T22:00:00+0200,1046,1177
2015-10-07T21:00:00Z,2015-10-07T23:00:00+0200,1848,1574
2015-10-07T22:00:00Z,2015-10-08T00:00:00+0200,943,1019
2015-10-07T23:00:00Z,2015-10-08T01:00:00+0200,1326,1316
2015-10-08T00:00:00Z,2015-10-08T02:00:00+0200,1160,1139
2015-10-08T01:00:00Z,2015-10-08T03:00:00+0200,612,764
2015-10-08T02:00:00Z,2015-10-08T04:00:00+0200,1074,1048
2015-10-08T03:00:00Z,2015-10-08T05:00:00+0200,850,896
2015-10-08T04:00:00Z,2015-10-08T06:00:00+0200,782,816
2015-10-08T05:00:00Z,2015-10-08T07:00:00+0200,734,700
2015-10-08T06:00:00Z,2015-10-08T08:00:00+0200,617,600
2015-10-08T07:00:00Z,2015-10-08T09:00:00+0200,428,494
2015-10-08T08:00:00Z,2015-10-08T10:00:00+0200,303,428
2015-10-08T09:00:00Z,2015-10-08T11:00:00+0200,252,408
2015-10-08T10:00:00Z,2015-10-08T12:00:00+0200,199,510
2015-10-08T11:00:00Z,2015-10-08T13:00:00+0200,160,582
2015-10-08T12:00:00Z,2015-10-08T14:00:00+0200,130,598
2015-10-08T13:00:00Z,2015-10-08T15:00:00+0200,122,578
2015-10-08T14:00:00Z,2015-10-08T16:00:00+0200,80,560
2015-10-08T15:00:00Z,2015-10-08T17:00:00+0200,84,589
2015-10-08T16:00:00Z,2015-10-08T18:00:00+0200,74,576
2015-10-08T17:00:00Z,2015-10-08T19:00:00+0200,72,579
2015-10-08T18:00:00Z,2015-10-08T20:00:00+0200,72,635
2015-10-08T19:00:00Z,2015-10-08T21:00:00+0200,96,617
2015-10-08T20:00:00Z,2015-10-08T22:00:00+0200,108,668
2015-10-08T21:00:00Z,2015-10-08T23:00:00+0200,114,710
2015-10-08T22:00:00Z,2015-10-09T00:00:00+0200,132,739
2015-10-08T23:00:00Z,2015-10-09T01:00:00+0200,123,776
2015-10-09T00:00:00Z,2015-10-09T02:00:00+0200,108,808
2015-10-09T01:00:00Z,2015-10-09T03:00:00+0200,112,781
2015-10-09T02:00:00Z,2015-10-09T04:00:00+0200,184,688
2015-10-09T03:00:00Z,2015-10-09T05:00:00+0200,160,731
2015-10-09T04:00:00Z,2015-10-09T06:00:00+0200,96,516
2015-10-09T05:00:00Z,2015-10-09T07:00:00+0200,84,568
2015-10-09T06:00:00Z,2015-10-09T08:00:00+0200,199,803
2015-10-09T07:00:00Z,2015-10-09T09:00:00+0200,220,752
2015-10-09T08:00:00Z,2015-10-09T10:00:00+0200,188,706
2015-10-09T09:00:00Z,2015-10-09T11:00:00+0200,153,670
2015-10-09T10:00:00Z,2015-10-09T12:00:00+0200,212,697
2015-10-09T11:00:00Z,2015-10-09T13:00:00+0200,173,748
2015-10-09T12:00:00Z,2015-10-09T14:00:00+0200,133,486
2015-10-09T13:00:00Z,2015-10-09T15:00:00+0200,148,714
2015-10-09T14:00:00Z,2015-10-09T16:00:00+0200,224,648
2015-10-09T15:00:00Z,2015-10-09T17:00:00+0200,262,602
2015-10-09T16:00:00Z,2015-10-09T18:00:00+0200,345,553
2015-10-09T17:00:00Z,2015-10-09T19:00:00+0200,407,554
2015-10-09T18:00:00Z,2015-10-09T20:00:00+0200,463,522
2015-10-09T19:00:00Z,2015-10-09T21:00:00+0200,497,483
2015-10-09T20:00:00Z,2015-10-09T22:00:00+0200,490,448
2015-10-09T21:00:00Z,2015-10-09T23:00:00+0200,509,416
2015-10-09T22:00:00Z,2015-10-10T00:00:00+0200,282,412
2015-10-09T23:00:00Z,2015-10-10T01:00:00+0200,536,386
2015-10-10T00:00:00Z,2015-10-10T02:00:00+0200,488,390
2015-10-10T01:00:00Z,2015-10-10T03:00:00+0200,380,384
2015-10-10T02:00:00Z,2015-10-10T04:00:00+0200,295,368
2015-10-10T03:00:00Z,2015-10-10T05:00:00+0200,298,360
2015-10-10T04:00:00Z,2015-10-10T06:00:00+0200,287,334
2015-10-10T05:00:00Z,2015-10-10T07:00:00+0200,405,408
2015-10-10T06:00:00Z,2015-10-10T08:00:00+0200,632,540
2015-10-10T07:00:00Z,2015-10-10T09:00:00+0200,241,370
2015-10-10T08:00:00Z,2015-10-10T10:00:00+0200,519,486
2015-10-10T09:00:00Z,2015-10-10T11:00:00+0200,728,562
2015-10-10T10:00:00Z,2015-10-10T12:00:00+0200,952,647
2015-10-10T11:00:00Z,2015-10-10T13:00:00+0200,834,658
2015-10-10T12:00:00Z,2015-10-10T14:00:00+0200,858,637
2015-10-10T13:00:00Z,2015-10-10T15:00:00+0200,1005,627
2015-10-10T14:00:00Z,2015-10-10T16:00:00+0200,1296,666
2015-10-10T15:00:00Z,2015-10-10T17:00:00+0200,1544,836
2015-10-10T16:00:00Z,2015-10-10T18:00:00+0200,1527,608
2015-10-10T17:00:00Z,2015-10-10T19:00:00+0200,1350,612
2015-10-10T18:00:00Z,2015-10-10T20:00:00+0200,819,553
2015-10-10T19:00:00Z,2015-10-10T21:00:00+0200,1535,718
2015-10-10T20:00:00Z,2015-10-10T22:00:00+0200,1472,820
2015-10-10T21:00:00Z,2015-10-10T23:00:00+0200,1539,1080
2015-10-10T22:00:00Z,2015-10-11T00:00:00+0200,688,682
2015-10-10T23:00:00Z,2015-10-11T01:00:00+0200,1453,1068
2015-10-11T00:00:00Z,2015-10-11T02:00:00+0200,1226,1176
2015-10-11T01:00:00Z,2015-10-11T03:00:00+0200,1132,1088
2015-10-11T02:00:00Z,2015-10-11T04:00:00+0200,1036,1019
2015-10-11T03:00:00Z,2015-10-11T05:00:00+0200,1005,1014
2015-10-11T04:00:00Z,2015-10-11T06:00:00+0200,912,1030
2015-10-11T05:00:00Z,2015-10-11T07:00:00+0200,1374,957
2015-10-11T06:00:00Z,2015-10-11T08:00:00+0200,840,1225
2015-10-11T07:00:00Z,2015-10-11T09:00:00+0200,920,979
2015-10-11T08:00:00Z,2015-10-11T10:00:00+0200,1474,1032
2015-10-11T09:00:00Z,2015-10-11T11:00:00+0200,802,799
2015-10-11T10:00:00Z,2015-10-11T12:00:00+0200,1170,1238
2015-10-11T11:00:00Z,2015-10-11T13:00:00+0200,999,1199
2015-10-11T12:00:00Z,2015-10-11T14:00:00+0200,385,866
2015-10-11T13:00:00Z,2015-10-11T15:00:00+0200,712,1074
2015-10-11T14:00:00Z,2015-10-11T16:00:00+0200,803,978
2015-10-11T15:00:00Z,2015-10-11T17:00:00+0200,810,925
2015-10-11T16:00:00Z,2015-10-11T18:00:00+0200,960,962
2015-10-11T17:00:00Z,2015-10-11T19:00:00+0200,938,939
2015-10-11T18:00:00Z,2015-10-11T20:00:00+0200,866,1014
2015-10-11T19:00:00Z,2015-10-11T21:00:00+0200,724,920
2015-10-11T20:00:00Z,2015-10-11T22:00:00+0200,674,908
2015-10-11T21:00:00Z,2015-10-11T23:00:00+0200,625,919
2015-10-11T22:00:00Z,2015-10-12T00:00:00+0200,485,946
2015-10-11T23:00:00Z,2015-10-12T01:00:00+0200,336,913
2015-10-12T00:00:00Z,2015-10-12T02:00:00+0200,268,926
2015-10-12T01:00:00Z,2015-10-12T03:00:00+0200,260,886
2015-10-12T02:00:00Z,2015-10-12T04:00:00+0200,237,751
2015-10-12T03:00:00Z,2015-10-12T05:00:00+0200,244,730
2015-10-12T04:00:00Z,2015-10-12T06:00:00+0200,269,784
2015-10-12T05:00:00Z,2015-10-12T07:00:00+0200,270,964
2015-10-12T06:00:00Z,2015-10-12T08:00:00+0200,248,1098
2015-10-12T07:00:00Z,2015-10-12T09:00:00+0200,272,1089
2015-10-12T08:00:00Z,2015-10-12T10:00:00+0200,324,1006
2015-10-12T09:00:00Z,2015-10-12T11:00:00+0200,439,1129
2015-10-12T10:00:00Z,2015-10-12T12:00:00+0200,636,1569
2015-10-12T11:00:00Z,2015-10-12T13:00:00+0200,736,1904
2015-10-12T12:00:00Z,2015-10-12T14:00:00+0200,718,1913
2015-10-12T13:00:00Z,2015-10-12T15:00:00+0200,847,1940
2015-10-12T14:00:00Z,2015-10-12T16:00:00+0200,996,1962
2015-10-12T15:00:00Z,2015-10-12T17:00:00+0200,1270,2028
2015-10-12T16:00:00Z,2015-10-12T18:00:00+0200,1519,1850
2015-10-12T17:00:00Z,2015-10-12T19:00:00+0200,1758,1783
2015-10-12T18:00:00Z,2015-10-12T20:00:00+0200,1815,1718
2015-10-12T19:00:00Z,2015-10-12T21:00:00+0200,1972,1666
2015-10-12T20:00:00Z,2015-10-12T22:00:00+0200,2048,1614
2015-10-12T21:00:00Z,2015-10-12T23:00:00+0200,1908,1441
2015-10-12T22:00:00Z,2015-10-13T00:00:00+0200,1879,1439
2015-10-12T23:00:00Z,2015-10-13T01:00:00+0200,2103,1390
2015-10-13T00:00:00Z,2015-10-13T02:00:00+0200,2556,1123
2015-10-13T01:00:00Z,2015-10-13T03:00:00+0200,2586,1028
2015-10-13T02:00:00Z,2015-10-13T04:00:00+0200,2644,968
2015-10-13T03:00:00Z,2015-10-13T05:00:00+0200,2424,1020
2015-10-13T04:00:00Z,2015-10-13T06:00:00+0200,1143,750
2015-10-13T05:00:00Z,2015-10-13T07:00:00+0200,2374,925
2015-10-13T06:00:00Z,2015-10-13T08:00:00+0200,2232,937
2015-10-13T07:00:00Z,2015-10-13T09:00:00+0200,2539,805
2015-10-13T08:00:00Z,2015-10-13T10:00:00+0200,2334,714
2015-10-13T09:00:00Z,2015-10-13T11:00:00+0200,2378,740
2015-10-13T10:00:00Z,2015-10-13T12:00:00+0200,2350,778
2015-10-13T11:00:00Z,2015-10-13T13:00:00+0200,2290,760
2015-10-13T12:00:00Z,2015-10-13T14:00:00+0200,2117,748
2015-10-13T13:00:00Z,2015-10-13T15:00:00+0200,1963,709
2015-10-13T14:00:00Z,2015-10-13T16:00:00+0200,1900,693
2015-10-13T15:00:00Z,2015-10-13T17:00:00+0200,1958,686
2015-10-13T16:00:00Z,2015-10-13T18:00:00+0200,1939,653
2015-10-13T17:00:00Z,2015-10-13T19:00:00+0200,2052,630
2015-10-13T18:00:00Z,2015-10-13T20:00:00+0200,1993,622
2015-10-13T19:00:00Z,2015-10-13T21:00:00+0200,1833,538
2015-10-13T20:00:00Z,2015-10-13T22:00:00+0200,1738,600
2015-10-13T21:00:00Z,2015-10-13T23:00:00+0200,1720,583
2015-10-13T22:00:00Z,2015-10-14T00:00:00+0200,1503,606
2015-10-13T23:00:00Z,2015-10-14T01:00:00+0200,1812,639
2015-10-14T00:00:00Z,2015-10-14T02:00:00+0200,1940,704
2015-10-14T01:00:00Z,2015-10-14T03:00:00+0200,993,521
2015-10-14T02:00:00Z,2015-10-14T04:00:00+0200,2032,704
2015-10-14T03:00:00Z,2015-10-14T05:00:00+0200,2114,754
2015-10-14T04:00:00Z,2015-10-14T06:00:00+0200,2224,799
2015-10-14T05:00:00Z,2015-10-14T07:00:00+0200,2133,810
2015-10-14T06:00:00Z,2015-10-14T08:00:00+0200,2185,872
2015-10-14T07:00:00Z,2015-10-14T09:00:00+0200,2210,841
2015-10-14T08:00:00Z,2015-10-14T10:00:00+0200,2104,850
2015-10-14T09:00:00Z,2015-10-14T11:00:00+0200,1986,846
2015-10-14T10:00:00Z,2015-10-14T12:00:00+0200,1834,939
2015-10-14T11:00:00Z,2015-10-14T13:00:00+0200,1992,996
2015-10-14T12:00:00Z,2015-10-14T14:00:00+0200,2003,1038
2015-10-14T13:00:00Z,2015-10-14T15:00:00+0200,2036,985
2015-10-14T14:00:00Z,2015-10-14T16:00:00+0200,2085,915
2015-10-14T15:00:00Z,2015-10-14T17:00:00+0200,2217,914
2015-10-14T16:00:00Z,2015-10-14T18:00:00+0200,2238,800
2015-10-14T17:00:00Z,2015-10-14T19:00:00+0200,2193,838
2015-10-14T18:00:00Z,2015-10-14T20:00:00+0200,2218,888
2015-10-14T19:00:00Z,2015-10-14T21:00:00+0200,1967,929
2015-10-14T20:00:00Z,2015-10-14T22:00:00+0200,107,405
2015-10-14T21:00:00Z,2015-10-14T23:00:00+0200,906,635
2015-10-14T22:00:00Z,2015-10-15T00:00:00+0200,1636,824
2015-10-14T23:00:00Z,2015-10-15T01:00:00+0200,1662,858
2015-10-15T00:00:00Z,2015-10-15T02:00:00+0200,1136,860
2015-10-15T01:00:00Z,2015-10-15T03:00:00+0200,491,559
2015-10-15T02:00:00Z,2015-10-15T04:00:00+0200,462,521
2015-10-15T03:00:00Z,2015-10-15T05:00:00+0200,848,617
2015-10-15T04:00:00Z,2015-10-15T06:00:00+0200,916,534
2015-10-15T05:00:00Z,2015-10-15T07:00:00+0200,943,492
2015-10-15T06:00:00Z,2015-10-15T08:00:00+0200,1000,474
2015-10-15T07:00:00Z,2015-10-15T09:00:00+0200,992,462
2015-10-15T08:00:00Z,2015-10-15T10:00:00+0200,821,448
2015-10-15T09:00:00Z,2015-10-15T11:00:00+0200,871,442
2015-10-15T10:00:00Z,2015-10-15T12:00:00+0200,936,487
2015-10-15T11:00:00Z,2015-10-15T13:00:00+0200,798,538
2015-10-15T12:00:00Z,2015-10-15T14:00:00+0200,601,537
2015-10-15T13:00:00Z,2015-10-15T15:00:00+0200,532,487
2015-10-15T14:00:00Z,2015-10-15T16:00:00+0200,639,501
2015-10-15T15:00:00Z,2015-10-15T17:00:00+0200,685,569
2015-10-15T16:00:00Z,2015-10-15T18:00:00+0200,910,648
2015-10-15T17:00:00Z,2015-10-15T19:00:00+0200,1111,674
2015-10-15T18:00:00Z,2015-10-15T20:00:00+0200,703,497
2015-10-15T19:00:00Z,2015-10-15T21:00:00+0200,822,545
2015-10-15T20:00:00Z,2015-10-15T22:00:00+0200,111,373
2015-10-15T21:00:00Z,2015-10-15T23:00:00+0200,1139,538
2015-10-15T22:00:00Z,2015-10-16T00:00:00+0200,2203,707
2015-10-15T23:00:00Z,2015-10-16T01:00:00+0200,2204,712
2015-10-16T00:00:00Z,2015-10-16T02:00:00+0200,2594,754
2015-10-16T01:00:00Z,2015-10-16T03:00:00+0200,2108,806
2015-10-16T02:00:00Z,2015-10-16T04:00:00+0200,2716,770
2015-10-16T03:00:00Z,2015-10-16T05:00:00+0200,2536,774
2015-10-16T04:00:00Z,2015-10-16T06:00:00+0200,2112,759
2015-10-16T05:00:00Z,2015-10-16T07:00:00+0200,2460,799
2015-10-16T06:00:00Z,2015-10-16T08:00:00+0200,2178,791
2015-10-16T07:00:00Z,2015-10-16T09:00:00+0200,2166,794
2015-10-16T08:00:00Z,2015-10-16T10:00:00+0200,1994,858
2015-10-16T09:00:00Z,2015-10-16T11:00:00+0200,1679,811
2015-10-16T10:00:00Z,2015-10-16T12:00:00+0200,1970,836
2015-10-16T11:00:00Z,2015-10-16T13:00:00+0200,1770,847
2015-10-16T12:00:00Z,2015-10-16T14:00:00+0200,1792,887
2015-10-16T13:00:00Z,2015-10-16T15:00:00+0200,1614,812
2015-10-16T14:00:00Z,2015-10-16T16:00:00+0200,2024,748
2015-10-16T15:00:00Z,2015-10-16T17:00:00+0200,1462,810
2015-10-16T16:00:00Z,2015-10-16T18:00:00+0200,1636,764
2015-10-16T17:00:00Z,2015-10-16T19:00:00+0200,1832,775
2015-10-16T18:00:00Z,2015-10-16T20:00:00+0200,2092,828
2015-10-16T19:00:00Z,2015-10-16T21:00:00+0200,1309,625
2015-10-16T20:00:00Z,2015-10-16T22:00:00+0200,2594,798
2015-10-16T21:00:00Z,2015-10-16T23:00:00+0200,1326,582
2015-10-16T22:00:00Z,2015-10-17T00:00:00+0200,2420,784
2015-10-16T23:00:00Z,2015-10-17T01:00:00+0200,2452,777
2015-10-17T00:00:00Z,2015-10-17T02:00:00+0200,2276,772
2015-10-17T01:00:00Z,2015-10-17T03:00:00+0200,2332,783
2015-10-17T02:00:00Z,2015-10-17T04:00:00+0200,2488,812
2015-10-17T03:00:00Z,2015-10-17T05:00:00+0200,2528,809
2015-10-17T04:00:00Z,2015-10-17T06:00:00+0200,2508,840
2015-10-17T05:00:00Z,2015-10-17T07:00:00+0200,2301,845
2015-10-17T06:00:00Z,2015-10-17T08:00:00+0200,2324,849
2015-10-17T07:00:00Z,2015-10-17T09:00:00+0200,2379,822
2015-10-17T08:00:00Z,2015-10-17T10:00:00+0200,2373,803
2015-10-17T09:00:00Z,2015-10-17T11:00:00+0200,2612,962
2015-10-17T10:00:00Z,2015-10-17T12:00:00+0200,2543,1053
2015-10-17T11:00:00Z,2015-10-17T13:00:00+0200,2445,1005
2015-10-17T12:00:00Z,2015-10-17T14:00:00+0200,2446,1050
2015-10-17T13:00:00Z,2015-10-17T15:00:00+0200,2091,1032
2015-10-17T14:00:00Z,2015-10-17T16:00:00+0200,2608,1030
2015-10-17T15:00:00Z,2015-10-17T17:00:00+0200,2190,1002
2015-10-17T16:00:00Z,2015-10-17T18:00:00+0200,1872,1042
2015-10-17T17:00:00Z,2015-10-17T19:00:00+0200,1447,952
2015-10-17T18:00:00Z,2015-10-17T20:00:00+0200,1014,844
2015-10-17T19:00:00Z,2015-10-17T21:00:00+0200,786,760
2015-10-17T20:00:00Z,2015-10-17T22:00:00+0200,1162,905
2015-10-17T21:00:00Z,2015-10-17T23:00:00+0200,763,840
2015-10-17T22:00:00Z,2015-10-18T00:00:00+0200,638,752
2015-10-17T23:00:00Z,2015-10-18T01:00:00+0200,620,690
2015-10-18T00:00:00Z,2015-10-18T02:00:00+0200,404,600
2015-10-18T01:00:00Z,2015-10-18T03:00:00+0200,414,558
2015-10-18T02:00:00Z,2015-10-18T04:00:00+0200,338,525
2015-10-18T03:00:00Z,2015-10-18T05:00:00+0200,270,531
2015-10-18T04:00:00Z,2015-10-18T06:00:00+0200,240,576
2015-10-18T05:00:00Z,2015-10-18T07:00:00+0200,283,624
2015-10-18T06:00:00Z,2015-10-18T08:00:00+0200,400,474
2015-10-18T07:00:00Z,2015-10-18T09:00:00+0200,509,401
2015-10-18T08:00:00Z,2015-10-18T10:00:00+0200,362,422
2015-10-18T09:00:00Z,2015-10-18T11:00:00+0200,349,443
2015-10-18T10:00:00Z,2015-10-18T12:00:00+0200,430,558
2015-10-18T11:00:00Z,2015-10-18T13:00:00+0200,445,456
2015-10-18T12:00:00Z,2015-10-18T14:00:00+0200,472,420
2015-10-18T13:00:00Z,2015-10-18T15:00:00+0200,528,396
2015-10-18T14:00:00Z,2015-10-18T16:00:00+0200,604,382
2015-10-18T15:00:00Z,2015-10-18T17:00:00+0200,701,399
2015-10-18T16:00:00Z,2015-10-18T18:00:00+0200,686,404
2015-10-18T17:00:00Z,2015-10-18T19:00:00+0200,802,371
2015-10-18T18:00:00Z,2015-10-18T20:00:00+0200,886,376
2015-10-18T19:00:00Z,2015-10-18T21:00:00+0200,938,372
2015-10-18T20:00:00Z,2015-10-18T22:00:00+0200,951,357
2015-10-18T21:00:00Z,2015-10-18T23:00:00+0200,841,370
2015-10-18T22:00:00Z,2015-10-19T00:00:00+0200,825,345
2015-10-18T23:00:00Z,2015-10-19T01:00:00+0200,996,344
2015-10-19T00:00:00Z,2015-10-19T02:00:00+0200,843,356
2015-10-19T01:00:00Z,2015-10-19T03:00:00+0200,928,368
2015-10-19T02:00:00Z,2015-10-19T04:00:00+0200,884,355
2015-10-19T03:00:00Z,2015-10-19T05:00:00+0200,825,330
2015-10-19T04:00:00Z,2015-10-19T06:00:00+0200,676,340
2015-10-19T05:00:00Z,2015-10-19T07:00:00+0200,558,334
2015-10-19T06:00:00Z,2015-10-19T08:00:00+0200,575,336
2015-10-19T07:00:00Z,2015-10-19T09:00:00+0200,592,336
2015-10-19T08:00:00Z,2015-10-19T10:00:00+0200,560,336
2015-10-19T09:00:00Z,2015-10-19T11:00:00+0200,542,352
2015-10-19T10:00:00Z,2015-10-19T12:00:00+0200,512,374
2015-10-19T11:00:00Z,2015-10-19T13:00:00+0200,444,378
2015-10-19T12:00:00Z,2015-10-19T14:00:00+0200,558,404
2015-10-19T13:00:00Z,2015-10-19T15:00:00+0200,616,444
2015-10-19T14:00:00Z,2015-10-19T16:00:00+0200,555,462
2015-10-19T15:00:00Z,2015-10-19T17:00:00+0200,598,449
2015-10-19T16:00:00Z,2015-10-19T18:00:00+0200,542,472
2015-10-19T17:00:00Z,2015-10-19T19:00:00+0200,494,648
2015-10-19T18:00:00Z,2015-10-19T20:00:00+0200,380,758
2015-10-19T19:00:00Z,2015-10-19T21:00:00+0200,379,840
2015-10-19T20:00:00Z,2015-10-19T22:00:00+0200,496,908
2015-10-19T21:00:00Z,2015-10-19T23:00:00+0200,590,1038
2015-10-19T22:00:00Z,2015-10-20T00:00:00+0200,627,1132
2015-10-19T23:00:00Z,2015-10-20T01:00:00+0200,626,1232
2015-10-20T00:00:00Z,2015-10-20T02:00:00+0200,658,1283
2015-10-20T01:00:00Z,2015-10-20T03:00:00+0200,602,1262
2015-10-20T02:00:00Z,2015-10-20T04:00:00+0200,687,1373
2015-10-20T03:00:00Z,2015-10-20T05:00:00+0200,888,1414
2015-10-20T04:00:00Z,2015-10-20T06:00:00+0200,1150,1264
2015-10-20T05:00:00Z,2015-10-20T07:00:00+0200,940,1185
2015-10-20T06:00:00Z,2015-10-20T08:00:00+0200,871,1167
2015-10-20T07:00:00Z,2015-10-20T09:00:00+0200,772,1130
2015-10-20T08:00:00Z,2015-10-20T10:00:00+0200,632,1036
2015-10-20T09:00:00Z,2015-10-20T11:00:00+0200,616,888
2015-10-20T10:00:00Z,2015-10-20T12:00:00+0200,458,1008
2015-10-20T11:00:00Z,2015-10-20T13:00:00+0200,340,1043
2015-10-20T12:00:00Z,2015-10-20T14:00:00+0200,340,1064
2015-10-20T13:00:00Z,2015-10-20T15:00:00+0200,236,970
2015-10-20T14:00:00Z,2015-10-20T16:00:00+0200,208,994
2015-10-20T15:00:00Z,2015-10-20T17:00:00+0200,210,1143
2015-10-20T16:00:00Z,2015-10-20T18:00:00+0200,305,1520
2015-10-20T17:00:00Z,2015-10-20T19:00:00+0200,454,1988
2015-10-20T18:00:00Z,2015-10-20T20:00:00+0200,548,2358
2015-10-20T19:00:00Z,2015-10-20T21:00:00+0200,910,2781
2015-10-20T20:00:00Z,2015-10-20T22:00:00+0200,1117,3246
2015-10-20T21:00:00Z,2015-10-20T23:00:00+0200,1180,3346
2015-10-20T22:00:00Z,2015-10-21T00:00:00+0200,1206,3215
2015-10-20T23:00:00Z,2015-10-21T01:00:00+0200,1336,3412
2015-10-21T00:00:00Z,2015-10-21T02:00:00+0200,1972,3526
2015-10-21T01:00:00Z,2015-10-21T03:00:00+0200,1770,3328
2015-10-21T02:00:00Z,2015-10-21T04:00:00+0200,2793,4017
2015-10-21T03:00:00Z,2015-10-21T05:00:00+0200,2615,4251
2015-10-21T04:00:00Z,2015-10-21T06:00:00+0200,2788,4360
2015-10-21T05:00:00Z,2015-10-21T07:00:00+0200,3154,4056
2015-10-21T06:00:00Z,2015-10-21T08:00:00+0200,3031,3670
2015-10-21T07:00:00Z,2015-10-21T09:00:00+0200,2662,3228
2015-10-21T08:00:00Z,2015-10-21T10:00:00+0200,2404,3192
2015-10-21T09:00:00Z,2015-10-21T11:00:00+0200,2428,3264
2015-10-21T10:00:00Z,2015-10-21T12:00:00+0200,2019,3285
2015-10-21T11:00:00Z,2015-10-21T13:00:00+0200,1670,3494
2015-10-21T12:00:00Z,2015-10-21T14:00:00+0200,1426,3602
2015-10-21T13:00:00Z,2015-10-21T15:00:00+0200,1583,4137
2015-10-21T14:00:00Z,2015-10-21T16:00:00+0200,1660,4444
2015-10-21T15:00:00Z,2015-10-21T17:00:00+0200,1920,4106
2015-10-21T16:00:00Z,2015-10-21T18:00:00+0200,1904,3577
2015-10-21T17:00:00Z,2015-10-21T19:00:00+0200,1996,3461
2015-10-21T18:00:00Z,2015-10-21T20:00:00+0200,930,1207
2015-10-21T19:00:00Z,2015-10-21T21:00:00+0200,52,1241
2015-10-21T20:00:00Z,2015-10-21T22:00:00+0200,55,1382
2015-10-21T21:00:00Z,2015-10-21T23:00:00+0200,895,2720
2015-10-21T22:00:00Z,2015-10-22T00:00:00+0200,1684,3563
2015-10-21T23:00:00Z,2015-10-22T01:00:00+0200,2066,3584
2015-10-22T00:00:00Z,2015-10-22T02:00:00+0200,2457,3712
2015-10-22T01:00:00Z,2015-10-22T03:00:00+0200,2540,3727
2015-10-22T02:00:00Z,2015-10-22T04:00:00+0200,2616,3766
2015-10-22T03:00:00Z,2015-10-22T05:00:00+0200,2848,3842
2015-10-22T04:00:00Z,2015-10-22T06:00:00+0200,2916,3940
2015-10-22T05:00:00Z,2015-10-22T07:00:00+0200,2894,4037
2015-10-22T06:00:00Z,2015-10-22T08:00:00+0200,2828,4606
2015-10-22T07:00:00Z,2015-10-22T09:00:00+0200,2724,4716
2015-10-22T08:00:00Z,2015-10-22T10:00:00+0200,2703,4663
2015-10-22T09:00:00Z,2015-10-22T11:00:00+0200,2892,4810
2015-10-22T10:00:00Z,2015-10-22T12:00:00+0200,2846,4765
2015-10-22T11:00:00Z,2015-10-22T13:00:00+0200,2821,4786
2015-10-22T12:00:00Z,2015-10-22T14:00:00+0200,2828,4768
2015-10-22T13:00:00Z,2015-10-22T15:00:00+0200,2588,4646
2015-10-22T14:00:00Z,2015-10-22T16:00:00+0200,2326,4536
2015-10-22T15:00:00Z,2015-10-22T17:00:00+0200,1889,4358
2015-10-22T16:00:00Z,2015-10-22T18:00:00+0200,1501,3940
2015-10-22T17:00:00Z,2015-10-22T19:00:00+0200,1127,3343
2015-10-22T18:00:00Z,2015-10-22T20:00:00+0200,1006,2968
2015-10-22T19:00:00Z,2015-10-22T21:00:00+0200,848,2587
2015-10-22T20:00:00Z,2015-10-22T22:00:00+0200,726,2002
2015-10-22T21:00:00Z,2015-10-22T23:00:00+0200,556,1694
2015-10-22T22:00:00Z,2015-10-23T00:00:00+0200,452,1656
2015-10-22T23:00:00Z,2015-10-23T01:00:00+0200,340,1579
2015-10-23T00:00:00Z,2015-10-23T02:00:00+0200,252,1610
2015-10-23T01:00:00Z,2015-10-23T03:00:00+0200,369,1808
2015-10-23T02:00:00Z,2015-10-23T04:00:00+0200,403,1795
2015-10-23T03:00:00Z,2015-10-23T05:00:00+0200,522,1966
2015-10-23T04:00:00Z,2015-10-23T06:00:00+0200,460,2150
2015-10-23T05:00:00Z,2015-10-23T07:00:00+0200,538,2332
2015-10-23T06:00:00Z,2015-10-23T08:00:00+0200,734,2634
2015-10-23T07:00:00Z,2015-10-23T09:00:00+0200,800,3086
2015-10-23T08:00:00Z,2015-10-23T10:00:00+0200,924,3518
2015-10-23T09:00:00Z,2015-10-23T11:00:00+0200,1061,3919
2015-10-23T10:00:00Z,2015-10-23T12:00:00+0200,1250,4116
2015-10-23T11:00:00Z,2015-10-23T13:00:00+0200,1448,3894
2015-10-23T12:00:00Z,2015-10-23T14:00:00+0200,1418,3908
2015-10-23T13:00:00Z,2015-10-23T15:00:00+0200,1501,3857
2015-10-23T14:00:00Z,2015-10-23T16:00:00+0200,1468,3908
2015-10-23T15:00:00Z,2015-10-23T17:00:00+0200,1303,3843
2015-10-23T16:00:00Z,2015-10-23T18:00:00+0200,1268,3940
2015-10-23T17:00:00Z,2015-10-23T19:00:00+0200,1471,4045
2015-10-23T18:00:00Z,2015-10-23T20:00:00+0200,1593,4015
2015-10-23T19:00:00Z,2015-10-23T21:00:00+0200,1664,3669
2015-10-23T20:00:00Z,2015-10-23T22:00:00+0200,925,2292
2015-10-23T21:00:00Z,2015-10-23T23:00:00+0200,612,2549
2015-10-23T22:00:00Z,2015-10-24T00:00:00+0200,1332,3485
2015-10-23T23:00:00Z,2015-10-24T01:00:00+0200,1940,3561
2015-10-24T00:00:00Z,2015-10-24T02:00:00+0200,2467,3390
2015-10-24T01:00:00Z,2015-10-24T03:00:00+0200,2306,3248
2015-10-24T02:00:00Z,2015-10-24T04:00:00+0200,2315,3334
2015-10-24T03:00:00Z,2015-10-24T05:00:00+0200,2260,3548
2015-10-24T04:00:00Z,2015-10-24T06:00:00+0200,2036,3306
2015-10-24T05:00:00Z,2015-10-24T07:00:00+0200,2086,3366
2015-10-24T06:00:00Z,2015-10-24T08:00:00+0200,2384,3392
2015-10-24T07:00:00Z,2015-10-24T09:00:00+0200,2360,3233
2015-10-24T08:00:00Z,2015-10-24T10:00:00+0200,2272,2848
2015-10-24T09:00:00Z,2015-10-24T11:00:00+0200,2096,2388
2015-10-24T10:00:00Z,2015-10-24T12:00:00+0200,2022,2247
2015-10-24T11:00:00Z,2015-10-24T13:00:00+0200,2088,2383
2015-10-24T12:00:00Z,2015-10-24T14:00:00+0200,2116,2873
2015-10-24T13:00:00Z,2015-10-24T15:00:00+0200,2334,3446
2015-10-24T14:00:00Z,2015-10-24T16:00:00+0200,2262,3651
2015-10-24T15:00:00Z,2015-10-24T17:00:00+0200,1958,3700
2015-10-24T16:00:00Z,2015-10-24T18:00:00+0200,1793,3718
2015-10-24T17:00:00Z,2015-10-24T19:00:00+0200,1568,3598
2015-10-24T18:00:00Z,2015-10-24T20:00:00+0200,1580,3626
2015-10-24T19:00:00Z,2015-10-24T21:00:00+0200,1628,3558
2015-10-24T20:00:00Z,2015-10-24T22:00:00+0200,2522,3491
2015-10-24T21:00:00Z,2015-10-24T23:00:00+0200,2400,3416
2015-10-24T22:00:00Z,2015-10-25T00:00:00+0200,2242,3446
2015-10-24T23:00:00Z,2015-10-25T01:00:00+0200,2436,3314
2015-10-25T00:00:00Z,2015-10-25T02:00:00+0200,2514,3163
2015-10-25T01:00:00Z,2015-10-25T02:00:00+0100,2030,2696
2015-10-25T02:00:00Z,2015-10-25T03:00:00+0100,1747,2582
2015-10-25T03:00:00Z,2015-10-25T04:00:00+0100,1340,2140
2015-10-25T04:00:00Z,2015-10-25T05:00:00+0100,1206,1964
2015-10-25T05:00:00Z,2015-10-25T06:00:00+0100,1075,1588
2015-10-25T06:00:00Z,2015-10-25T07:00:00+0100,947,1486
2015-10-25T07:00:00Z,2015-10-25T08:00:00+0100,818,1470
2015-10-25T08:00:00Z,2015-10-25T09:00:00+0100,605,1578
2015-10-25T09:00:00Z,2015-10-25T10:00:00+0100,558,2034
2015-10-25T10:00:00Z,2015-10-25T11:00:00+0100,615,2636
2015-10-25T11:00:00Z,2015-10-25T12:00:00+0100,558,2984
2015-10-25T12:00:00Z,2015-10-25T13:00:00+0100,547,3016
2015-10-25T13:00:00Z,2015-10-25T14:00:00+0100,656,2759
2015-10-25T14:00:00Z,2015-10-25T15:00:00+0100,668,2655
2015-10-25T15:00:00Z,2015-10-25T16:00:00+0100,717,2483
2015-10-25T16:00:00Z,2015-10-25T17:00:00+0100,969,2519
2015-10-25T17:00:00Z,2015-10-25T18:00:00+0100,1160,2613
2015-10-25T18:00:00Z,2015-10-25T19:00:00+0100,1280,2932
2015-10-25T19:00:00Z,2015-10-25T20:00:00+0100,1496,3134
2015-10-25T20:00:00Z,2015-10-25T21:00:00+0100,1606,3174
2015-10-25T21:00:00Z,2015-10-25T22:00:00+0100,1771,3043
2015-10-25T22:00:00Z,2015-10-25T23:00:00+0100,1670,2976
2015-10-25T23:00:00Z,2015-10-26T00:00:00+0100,779,2036
2015-10-26T00:00:00Z,2015-10-26T01:00:00+0100,1885,3122
2015-10-26T01:00:00Z,2015-10-26T02:00:00+0100,1810,3030
2015-10-26T02:00:00Z,2015-10-26T03:00:00+0100,1756,2342
2015-10-26T03:00:00Z,2015-10-26T04:00:00+0100,1687,3150
2015-10-26T04:00:00Z,2015-10-26T05:00:00+0100,1749,3194
2015-10-26T05:00:00Z,2015-10-26T06:00:00+0100,1787,3232
2015-10-26T06:00:00Z,2015-10-26T07:00:00+0100,2060,3030
2015-10-26T07:00:00Z,2015-10-26T08:00:00+0100,1508,3406
2015-10-26T08:00:00Z,2015-10-26T09:00:00+0100,1404,2986
2015-10-26T09:00:00Z,2015-10-26T10:00:00+0100,2328,2884
2015-10-26T10:00:00Z,2015-10-26T11:00:00+0100,1208,2942
2015-10-26T11:00:00Z,2015-10-26T12:00:00+0100,1479,2482
2015-10-26T12:00:00Z,2015-10-26T13:00:00+0100,1302,3303
2015-10-26T13:00:00Z,2015-10-26T14:00:00+0100,1396,3189
2015-10-26T14:00:00Z,2015-10-26T15:00:00+0100,1307,2918
2015-10-26T15:00:00Z,2015-10-26T16:00:00+0100,708,2037
2015-10-26T16:00:00Z,2015-10-26T17:00:00+0100,1907,2758
2015-10-26T17:00:00Z,2015-10-26T18:00:00+0100,2217,2724
2015-10-26T18:00:00Z,2015-10-26T19:00:00+0100,2356,2630
2015-10-26T19:00:00Z,2015-10-26T20:00:00+0100,1686,1099
2015-10-26T20:00:00Z,2015-10-26T21:00:00+0100,990,975
2015-10-26T21:00:00Z,2015-10-26T22:00:00+0100,84,936
2015-10-26T22:00:00Z,2015-10-26T23:00:00+0100,1638,1565
2015-10-26T23:00:00Z,2015-10-27T00:00:00+0100,1515,2096
2015-10-27T00:00:00Z,2015-10-27T01:00:00+0100,1542,2037
2015-10-27T01:00:00Z,2015-10-27T02:00:00+0100,1368,1878
2015-10-27T02:00:00Z,2015-10-27T03:00:00+0100,1257,2072
2015-10-27T03:00:00Z,2015-10-27T04:00:00+0100,1228,2380
2015-10-27T04:00:00Z,2015-10-27T05:00:00+0100,1346,1967
2015-10-27T05:00:00Z,2015-10-27T06:00:00+0100,1258,2368
2015-10-27T06:00:00Z,2015-10-27T07:00:00+0100,1274,1968
2015-10-27T07:00:00Z,2015-10-27T08:00:00+0100,737,2095
2015-10-27T08:00:00Z,2015-10-27T09:00:00+0100,1163,2231
2015-10-27T09:00:00Z,2015-10-27T10:00:00+0100,1287,2522
2015-10-27T10:00:00Z,2015-10-27T11:00:00+0100,1029,2750
2015-10-27T11:00:00Z,2015-10-27T12:00:00+0100,688,1844
2015-10-27T12:00:00Z,2015-10-27T13:00:00+0100,1468,2808
2015-10-27T13:00:00Z,2015-10-27T14:00:00+0100,1552,2816
2015-10-27T14:00:00Z,2015-10-27T15:00:00+0100,724,1863
2015-10-27T15:00:00Z,2015-10-27T16:00:00+0100,861,1809
2015-10-27T16:00:00Z,2015-10-27T17:00:00+0100,1836,2670
2015-10-27T17:00:00Z,2015-10-27T18:00:00+0100,1940,2652
2015-10-27T18:00:00Z,2015-10-27T19:00:00+0100,1834,2550
2015-10-27T19:00:00Z,2015-10-27T20:00:00+0100,809,1594
2015-10-27T20:00:00Z,2015-10-27T21:00:00+0100,1382,2104
2015-10-27T21:00:00Z,2015-10-27T22:00:00+0100,1143,1884
2015-10-27T22:00:00Z,2015-10-27T23:00:00+0100,862,1723
2015-10-27T23:00:00Z,2015-10-28T00:00:00+0100,522,1605
2015-10-28T00:00:00Z,2015-10-28T01:00:00+0100,438,1688
2015-10-28T01:00:00Z,2015-10-28T02:00:00+0100,432,1571
2015-10-28T02:00:00Z,2015-10-28T03:00:00+0100,342,1486
2015-10-28T03:00:00Z,2015-10-28T04:00:00+0100,572,1474
2015-10-28T04:00:00Z,2015-10-28T05:00:00+0100,280,1248
2015-10-28T05:00:00Z,2015-10-28T06:00:00+0100,233,1295
2015-10-28T06:00:00Z,2015-10-28T07:00:00+0100,402,1448
2015-10-28T07:00:00Z,2015-10-28T08:00:00+0100,415,1447
2015-10-28T08:00:00Z,2015-10-28T09:00:00+0100,523,1472
2015-10-28T09:00:00Z,2015-10-28T10:00:00+0100,760,1490
2015-10-28T10:00:00Z,2015-10-28T11:00:00+0100,638,1504
2015-10-28T11:00:00Z,2015-10-28T12:00:00+0100,592,1510
2015-10-28T12:00:00Z,2015-10-28T13:00:00+0100,713,1644
2015-10-28T13:00:00Z,2015-10-28T14:00:00+0100,447,1882
2015-10-28T14:00:00Z,2015-10-28T15:00:00+0100,422,2406
2015-10-28T15:00:00Z,2015-10-28T16:00:00+0100,490,1507
2015-10-28T16:00:00Z,2015-10-28T17:00:00+0100,1091,2064
2015-10-28T17:00:00Z,2015-10-28T18:00:00+0100,1218,2344
2015-10-28T18:00:00Z,2015-10-28T19:00:00+0100,1510,2741
2015-10-28T19:00:00Z,2015-10-28T20:00:00+0100,1706,2944
2015-10-28T20:00:00Z,2015-10-28T21:00:00+0100,39,769
2015-10-28T21:00:00Z,2015-10-28T22:00:00+0100,42,842
2015-10-28T22:00:00Z,2015-10-28T23:00:00+0100,709,1828
2015-10-28T23:00:00Z,2015-10-29T00:00:00+0100,1524,2821
2015-10-29T00:00:00Z,2015-10-29T01:00:00+0100,1891,3187
2015-10-29T01:00:00Z,2015-10-29T02:00:00+0100,2088,3336
2015-10-29T02:00:00Z,2015-10-29T03:00:00+0100,2056,3630
2015-10-29T03:00:00Z,2015-10-29T04:00:00+0100,2388,3956
2015-10-29T04:00:00Z,2015-10-29T05:00:00+0100,2142,3779
2015-10-29T05:00:00Z,2015-10-29T06:00:00+0100,2504,4143
2015-10-29T06:00:00Z,2015-10-29T07:00:00+0100,2790,4434
2015-10-29T07:00:00Z,2015-10-29T08:00:00+0100,2676,4590
2015-10-29T08:00:00Z,2015-10-29T09:00:00+0100,3026,4392
2015-10-29T09:00:00Z,2015-10-29T10:00:00+0100,2660,3204
2015-10-29T10:00:00Z,2015-10-29T11:00:00+0100,2508,2400
2015-10-29T11:00:00Z,2015-10-29T12:00:00+0100,2682,3016
2015-10-29T12:00:00Z,2015-10-29T13:00:00+0100,2341,2178
2015-10-29T13:00:00Z,2015-10-29T14:00:00+0100,2394,2079
2015-10-29T14:00:00Z,2015-10-29T15:00:00+0100,2430,1288
2015-10-29T15:00:00Z,2015-10-29T16:00:00+0100,2334,830
2015-10-29T16:00:00Z,2015-10-29T17:00:00+0100,2314,657
2015-10-29T17:00:00Z,2015-10-29T18:00:00+0100,2354,680
2015-10-29T18:00:00Z,2015-10-29T19:00:00+0100,2349,828
2015-10-29T19:00:00Z,2015-10-29T20:00:00+0100,1306,613
2015-10-29T20:00:00Z,2015-10-29T21:00:00+0100,2392,846
2015-10-29T21:00:00Z,2015-10-29T22:00:00+0100,116,403
2015-10-29T22:00:00Z,2015-10-29T23:00:00+0100,2576,958
2015-10-29T23:00:00Z,2015-10-30T00:00:00+0100,2395,1041
2015-10-30T00:00:00Z,2015-10-30T01:00:00+0100,2170,1099
2015-10-30T01:00:00Z,2015-10-30T02:00:00+0100,2001,1138
2015-10-30T02:00:00Z,2015-10-30T03:00:00+0100,2044,1239
2015-10-30T03:00:00Z,2015-10-30T04:00:00+0100,2128,1254
2015-10-30T04:00:00Z,2015-10-30T05:00:00+0100,2820,1912
2015-10-30T05:00:00Z,2015-10-30T06:00:00+0100,2613,2610
2015-10-30T06:00:00Z,2015-10-30T07:00:00+0100,2184,2047
2015-10-30T07:00:00Z,2015-10-30T08:00:00+0100,2066,2186
2015-10-30T08:00:00Z,2015-10-30T09:00:00+0100,126,973
2015-10-30T09:00:00Z,2015-10-30T10:00:00+0100,1496,1507
2015-10-30T10:00:00Z,2015-10-30T11:00:00+0100,1195,1537
2015-10-30T11:00:00Z,2015-10-30T12:00:00+0100,1801,1905
2015-10-30T12:00:00Z,2015-10-30T13:00:00+0100,2020,1916
2015-10-30T13:00:00Z,2015-10-30T14:00:00+0100,1715,1894
2015-10-30T14:00:00Z,2015-10-30T15:00:00+0100,1652,1969
2015-10-30T15:00:00Z,2015-10-30T16:00:00+0100,840,2179
2015-10-30T16:00:00Z,2015-10-30T17:00:00+0100,891,1710
2015-10-30T17:00:00Z,2015-10-30T18:00:00+0100,2272,2611
2015-10-30T18:00:00Z,2015-10-30T19:00:00+0100,2709,3012
2015-10-30T19:00:00Z,2015-10-30T20:00:00+0100,2274,2479
2015-10-30T20:00:00Z,2015-10-30T21:00:00+0100,2646,3106
2015-10-30T21:00:00Z,2015-10-30T22:00:00+0100,1230,1114
2015-10-30T22:00:00Z,2015-10-30T23:00:00+0100,1138,2380
2015-10-30T23:00:00Z,2015-10-31T00:00:00+0100,2020,3703
2015-10-31T00:00:00Z,2015-10-31T01:00:00+0100,2116,3472
2015-10-31T01:00:00Z,2015-10-31T02:00:00+0100,1956,3392
2015-10-31T02:00:00Z,2015-10-31T03:00:00+0100,2100,3520
2015-10-31T03:00:00Z,2015-10-31T04:00:00+0100,2278,3492
2015-10-31T04:00:00Z,2015-10-31T05:00:00+0100,2053,3255
2015-10-31T05:00:00Z,2015-10-31T06:00:00+0100,1680,3212
2015-10-31T06:00:00Z,2015-10-31T07:00:00+0100,1737,3184
2015-10-31T07:00:00Z,2015-10-31T08:00:00+0100,805,3324
2015-10-31T08:00:00Z,2015-10-31T09:00:00+0100,1716,2416
2015-10-31T09:00:00Z,2015-10-31T10:00:00+0100,1276,3463
2015-10-31T10:00:00Z,2015-10-31T11:00:00+0100,500,3261
2015-10-31T11:00:00Z,2015-10-31T12:00:00+0100,540,2618
2015-10-31T12:00:00Z,2015-10-31T13:00:00+0100,175,1724
2015-10-31T13:00:00Z,2015-10-31T14:00:00+0100,272,2246
2015-10-31T14:00:00Z,2015-10-31T15:00:00+0100,236,2210
2015-10-31T15:00:00Z,2015-10-31T16:00:00+0100,254,1934
2015-10-31T16:00:00Z,2015-10-31T17:00:00+0100,308,1512
2015-10-31T17:00:00Z,2015-10-31T18:00:00+0100,361,1413
2015-10-31T18:00:00Z,2015-10-31T19:00:00+0100,176,1405
2015-10-31T19:00:00Z,2015-10-31T20:00:00+0100,114,1229
2015-10-31T20:00:00Z,2015-10-31T21:00:00+0100,34,640
2015-10-31T21:00:00Z,2015-10-31T22:00:00+0100,32,626
2015-10-31T22:00:00Z,2015-10-31T23:00:00+0100,65,1157
2015-10-31T23:00:00Z,2015-11-01T00:00:00+0100,75,1059
2015-11-01T00:00:00Z,2015-11-01T01:00:00+0100,39,1026
2015-11-01T01:00:00Z,2015-11-01T02:00:00+0100,46,1144
2015-11-01T02:00:00Z,2015-11-01T03:00:00+0100,32,1266
2015-11-01T03:00:00Z,2015-11-01T04:00:00+0100,44,1180
2015-11-01T04:00:00Z,2015-11-01T05:00:00+0100,80,1266
2015-11-01T05:00:00Z,2015-11-01T06:00:00+0100,84,1238
2015-11-01T06:00:00Z,2015-11-01T07:00:00+0100,64,1362
2015-11-01T07:00:00Z,2015-11-01T08:00:00+0100,72,1404
2015-11-01T08:00:00Z,2015-11-01T09:00:00+0100,82,1464
2015-11-01T09:00:00Z,2015-11-01T10:00:00+0100,50,1520
2015-11-01T10:00:00Z,2015-11-01T11:00:00+0100,66,1538
2015-11-01T11:00:00Z,2015-11-01T12:00:00+0100,78,1558
2015-11-01T12:00:00Z,2015-11-01T13:00:00+0100,116,1586
2015-11-01T13:00:00Z,2015-11-01T14:00:00+0100,97,1536
2015-11-01T14:00:00Z,2015-11-01T15:00:00+0100,60,1556
2015-11-01T15:00:00Z,2015-11-01T16:00:00+0100,60,1554
2015-11-01T16:00:00Z,2015-11-01T17:00:00+0100,146,1430
2015-11-01T17:00:00Z,2015-11-01T18:00:00+0100,75,1378
2015-11-01T18:00:00Z,2015-11-01T19:00:00+0100,80,1276
2015-11-01T19:00:00Z,2015-11-01T20:00:00+0100,178,1223
2015-11-01T20:00:00Z,2015-11-01T21:00:00+0100,120,1246
2015-11-01T21:00:00Z,2015-11-01T22:00:00+0100,110,1329
2015-11-01T22:00:00Z,2015-11-01T23:00:00+0100,106,1376
2015-11-01T23:00:00Z,2015-11-02T00:00:00+0100,98,1300
2015-11-02T00:00:00Z,2015-11-02T01:00:00+0100,79,1342
2015-11-02T01:00:00Z,2015-11-02T02:00:00+0100,78,1160
2015-11-02T02:00:00Z,2015-11-02T03:00:00+0100,76,1053
2015-11-02T03:00:00Z,2015-11-02T04:00:00+0100,242,858
2015-11-02T04:00:00Z,2015-11-02T05:00:00+0100,142,973
2015-11-02T05:00:00Z,2015-11-02T06:00:00+0100,126,855
2015-11-02T06:00:00Z,2015-11-02T07:00:00+0100,142,829
2015-11-02T07:00:00Z,2015-11-02T08:00:00+0100,132,825
2015-11-02T08:00:00Z,2015-11-02T09:00:00+0100,168,758
2015-11-02T09:00:00Z,2015-11-02T10:00:00+0100,104,717
2015-11-02T10:00:00Z,2015-11-02T11:00:00+0100,104,666
2015-11-02T11:00:00Z,2015-11-02T12:00:00+0100,230,699
2015-11-02T12:00:00Z,2015-11-02T13:00:00+0100,194,716
2015-11-02T13:00:00Z,2015-11-02T14:00:00+0100,193,682
2015-11-02T14:00:00Z,2015-11-02T15:00:00+0100,419,778
2015-11-02T15:00:00Z,2015-11-02T16:00:00+0100,159,785
2015-11-02T16:00:00Z,2015-11-02T17:00:00+0100,297,712
2015-11-02T17:00:00Z,2015-11-02T18:00:00+0100,469,766
2015-11-02T18:00:00Z,2015-11-02T19:00:00+0100,444,750
2015-11-02T19:00:00Z,2015-11-02T20:00:00+0100,499,786
2015-11-02T20:00:00Z,2015-11-02T21:00:00+0100,195,299
2015-11-02T21:00:00Z,2015-11-02T22:00:00+0100,472,728
2015-11-02T22:00:00Z,2015-11-02T23:00:00+0100,343,723
2015-11-02T23:00:00Z,2015-11-03T00:00:00+0100,387,743
2015-11-03T00:00:00Z,2015-11-03T01:00:00+0100,338,838
2015-11-03T01:00:00Z,2015-11-03T02:00:00+0100,432,788
2015-11-03T02:00:00Z,2015-11-03T03:00:00+0100,452,550
2015-11-03T03:00:00Z,2015-11-03T04:00:00+0100,466,647
2015-11-03T04:00:00Z,2015-11-03T05:00:00+0100,519,675
2015-11-03T05:00:00Z,2015-11-03T06:00:00+0100,500,629
2015-11-03T06:00:00Z,2015-11-03T07:00:00+0100,536,584
2015-11-03T07:00:00Z,2015-11-03T08:00:00+0100,653,601
2015-11-03T08:00:00Z,2015-11-03T09:00:00+0100,518,532
2015-11-03T09:00:00Z,2015-11-03T10:00:00+0100,407,522
2015-11-03T10:00:00Z,2015-11-03T11:00:00+0100,294,396
2015-11-03T11:00:00Z,2015-11-03T12:00:00+0100,346,478
2015-11-03T12:00:00Z,2015-11-03T13:00:00+0100,382,356
2015-11-03T13:00:00Z,2015-11-03T14:00:00+0100,469,323
2015-11-03T14:00:00Z,2015-11-03T15:00:00+0100,592,300
2015-11-03T15:00:00Z,2015-11-03T16:00:00+0100,692,283
2015-11-03T16:00:00Z,2015-11-03T17:00:00+0100,1118,276
2015-11-03T17:00:00Z,2015-11-03T18:00:00+0100,1092,278
2015-11-03T18:00:00Z,2015-11-03T19:00:00+0100,1078,288
2015-11-03T19:00:00Z,2015-11-03T20:00:00+0100,972,315
2015-11-03T20:00:00Z,2015-11-03T21:00:00+0100,794,319
2015-11-03T21:00:00Z,2015-11-03T22:00:00+0100,371,268
2015-11-03T22:00:00Z,2015-11-03T23:00:00+0100,509,393
2015-11-03T23:00:00Z,2015-11-04T00:00:00+0100,492,410
2015-11-04T00:00:00Z,2015-11-04T01:00:00+0100,380,432
2015-11-04T01:00:00Z,2015-11-04T02:00:00+0100,181,369
2015-11-04T02:00:00Z,2015-11-04T03:00:00+0100,324,351
2015-11-04T03:00:00Z,2015-11-04T04:00:00+0100,276,306
2015-11-04T04:00:00Z,2015-11-04T05:00:00+0100,255,358
2015-11-04T05:00:00Z,2015-11-04T06:00:00+0100,231,333
2015-11-04T06:00:00Z,2015-11-04T07:00:00+0100,166,381
2015-11-04T07:00:00Z,2015-11-04T08:00:00+0100,168,390
2015-11-04T08:00:00Z,2015-11-04T09:00:00+0100,302,410
2015-11-04T09:00:00Z,2015-11-04T10:00:00+0100,342,405
2015-11-04T10:00:00Z,2015-11-04T11:00:00+0100,309,369
2015-11-04T11:00:00Z,2015-11-04T12:00:00+0100,348,273
2015-11-04T12:00:00Z,2015-11-04T13:00:00+0100,438,268
2015-11-04T13:00:00Z,2015-11-04T14:00:00+0100,627,258
2015-11-04T14:00:00Z,2015-11-04T15:00:00+0100,608,256
2015-11-04T15:00:00Z,2015-11-04T16:00:00+0100,373,272
2015-11-04T16:00:00Z,2015-11-04T17:00:00+0100,244,288
2015-11-04T17:00:00Z,2015-11-04T18:00:00+0100,282,330
2015-11-04T18:00:00Z,2015-11-04T19:00:00+0100,420,406
2015-11-04T19:00:00Z,2015-11-04T20:00:00+0100,584,414
2015-11-04T20:00:00Z,2015-11-04T21:00:00+0100,792,432
2015-11-04T21:00:00Z,2015-11-04T22:00:00+0100,915,502
2015-11-04T22:00:00Z,2015-11-04T23:00:00+0100,912,490
2015-11-04T23:00:00Z,2015-11-05T00:00:00+0100,875,490
2015-11-05T00:00:00Z,2015-11-05T01:00:00+0100,924,546
2015-11-05T01:00:00Z,2015-11-05T02:00:00+0100,840,644
2015-11-05T02:00:00Z,2015-11-05T03:00:00+0100,1170,1039
2015-11-05T03:00:00Z,2015-11-05T04:00:00+0100,2089,1381
2015-11-05T04:00:00Z,2015-11-05T05:00:00+0100,954,884
2015-11-05T05:00:00Z,2015-11-05T06:00:00+0100,1117,906
2015-11-05T06:00:00Z,2015-11-05T07:00:00+0100,1222,920
2015-11-05T07:00:00Z,2015-11-05T08:00:00+0100,1394,1113
2015-11-05T08:00:00Z,2015-11-05T09:00:00+0100,1489,1280
2015-11-05T09:00:00Z,2015-11-05T10:00:00+0100,1818,1367
2015-11-05T10:00:00Z,2015-11-05T11:00:00+0100,2382,1470
2015-11-05T11:00:00Z,2015-11-05T12:00:00+0100,2468,1570
2015-11-05T12:00:00Z,2015-11-05T13:00:00+0100,2424,1642
2015-11-05T13:00:00Z,2015-11-05T14:00:00+0100,2369,1651
2015-11-05T14:00:00Z,2015-11-05T15:00:00+0100,2500,1647
2015-11-05T15:00:00Z,2015-11-05T16:00:00+0100,2623,1668
2015-11-05T16:00:00Z,2015-11-05T17:00:00+0100,2671,1703
2015-11-05T17:00:00Z,2015-11-05T18:00:00+0100,2354,1585
2015-11-05T18:00:00Z,2015-11-05T19:00:00+0100,2362,1420
2015-11-05T19:00:00Z,2015-11-05T20:00:00+0100,2723,1152
2015-11-05T20:00:00Z,2015-11-05T21:00:00+0100,2787,1192
2015-11-05T21:00:00Z,2015-11-05T22:00:00+0100,2572,1272
2015-11-05T22:00:00Z,2015-11-05T23:00:00+0100,2526,1233
2015-11-05T23:00:00Z,2015-11-06T00:00:00+0100,2508,1160
2015-11-06T00:00:00Z,2015-11-06T01:00:00+0100,2294,1161
2015-11-06T01:00:00Z,2015-11-06T02:00:00+0100,1972,2113
2015-11-06T02:00:00Z,2015-11-06T03:00:00+0100,2019,1488
2015-11-06T03:00:00Z,2015-11-06T04:00:00+0100,2860,3458
2015-11-06T04:00:00Z,2015-11-06T05:00:00+0100,3414,3923
2015-11-06T05:00:00Z,2015-11-06T06:00:00+0100,3678,1981
2015-11-06T06:00:00Z,2015-11-06T07:00:00+0100,1894,2212
2015-11-06T07:00:00Z,2015-11-06T08:00:00+0100,2170,2790
2015-11-06T08:00:00Z,2015-11-06T09:00:00+0100,1960,3027
2015-11-06T09:00:00Z,2015-11-06T10:00:00+0100,2870,3398
2015-11-06T10:00:00Z,2015-11-06T11:00:00+0100,3085,3631
2015-11-06T11:00:00Z,2015-11-06T12:00:00+0100,3133,3860
2015-11-06T12:00:00Z,2015-11-06T13:00:00+0100,2936,3930
2015-11-06T13:00:00Z,2015-11-06T14:00:00+0100,3166,3765
2015-11-06T14:00:00Z,2015-11-06T15:00:00+0100,3656,3934
2015-11-06T15:00:00Z,2015-11-06T16:00:00+0100,3553,3618
2015-11-06T16:00:00Z,2015-11-06T17:00:00+0100,3617,3832
2015-11-06T17:00:00Z,2015-11-06T18:00:00+0100,3651,3614
2015-11-06T18:00:00Z,2015-11-06T19:00:00+0100,3105,3080
2015-11-06T19:00:00Z,2015-11-06T20:00:00+0100,3301,3047
2015-11-06T20:00:00Z,2015-11-06T21:00:00+0100,3006,2822
2015-11-06T21:00:00Z,2015-11-06T22:00:00+0100,1477,2833
2015-11-06T22:00:00Z,2015-11-06T23:00:00+0100,2630,2712
2015-11-06T23:00:00Z,2015-11-07T00:00:00+0100,2388,2678
2015-11-07T00:00:00Z,2015-11-07T01:00:00+0100,2178,2374
2015-11-07T01:00:00Z,2015-11-07T02:00:00+0100,2232,2224
2015-11-07T02:00:00Z,2015-11-07T03:00:00+0100,2505,2352
2015-11-07T03:00:00Z,2015-11-07T04:00:00+0100,1769,2368
2015-11-07T04:00:00Z,2015-11-07T05:00:00+0100,1433,2300
2015-11-07T05:00:00Z,2015-11-07T06:00:00+0100,1679,2075
2015-11-07T06:00:00Z,2015-11-07T07:00:00+0100,1226,1381
2015-11-07T07:00:00Z,2015-11-07T08:00:00+0100,2641,1722
2015-11-07T08:00:00Z,2015-11-07T09:00:00+0100,2817,1732
2015-11-07T09:00:00Z,2015-11-07T10:00:00+0100,3102,2310
2015-11-07T10:00:00Z,2015-11-07T11:00:00+0100,2886,1728
2015-11-07T11:00:00Z,2015-11-07T12:00:00+0100,2886,1721
2015-11-07T12:00:00Z,2015-11-07T13:00:00+0100,3316,1914
2015-11-07T13:00:00Z,2015-11-07T14:00:00+0100,3553,2218
2015-11-07T14:00:00Z,2015-11-07T15:00:00+0100,3686,2490
2015-11-07T15:00:00Z,2015-11-07T16:00:00+0100,3778,2713
2015-11-07T16:00:00Z,2015-11-07T17:00:00+0100,3585,2841
2015-11-07T17:00:00Z,2015-11-07T18:00:00+0100,3225,2891
2015-11-07T18:00:00Z,2015-11-07T19:00:00+0100,3159,2608
2015-11-07T19:00:00Z,2015-11-07T20:00:00+0100,2644,2393
2015-11-07T20:00:00Z,2015-11-07T21:00:00+0100,3054,2389
2015-11-07T21:00:00Z,2015-11-07T22:00:00+0100,2976,2364
2015-11-07T22:00:00Z,2015-11-07T23:00:00+0100,2547,2394
2015-11-07T23:00:00Z,2015-11-08T00:00:00+0100,2198,2402
2015-11-08T00:00:00Z,2015-11-08T01:00:00+0100,1570,2365
2015-11-08T01:00:00Z,2015-11-08T02:00:00+0100,1149,2454
2015-11-08T02:00:00Z,2015-11-08T03:00:00+0100,879,2607
2015-11-08T03:00:00Z,2015-11-08T04:00:00+0100,832,2487
2015-11-08T04:00:00Z,2015-11-08T05:00:00+0100,1172,2865
2015-11-08T05:00:00Z,2015-11-08T06:00:00+0100,856,2582
2015-11-08T06:00:00Z,2015-11-08T07:00:00+0100,1180,2968
2015-11-08T07:00:00Z,2015-11-08T08:00:00+0100,1464,3097
2015-11-08T08:00:00Z,2015-11-08T09:00:00+0100,2500,3166
2015-11-08T09:00:00Z,2015-11-08T10:00:00+0100,2582,3592
2015-11-08T10:00:00Z,2015-11-08T11:00:00+0100,2737,4164
2015-11-08T11:00:00Z,2015-11-08T12:00:00+0100,2916,4752
2015-11-08T12:00:00Z,2015-11-08T13:00:00+0100,3456,5148
2015-11-08T13:00:00Z,2015-11-08T14:00:00+0100,3600,5358
2015-11-08T14:00:00Z,2015-11-08T15:00:00+0100,3579,5380
2015-11-08T15:00:00Z,2015-11-08T16:00:00+0100,3824,5040
2015-11-08T16:00:00Z,2015-11-08T17:00:00+0100,3674,5342
2015-11-08T17:00:00Z,2015-11-08T18:00:00+0100,3737,3972
2015-11-08T18:00:00Z,2015-11-08T19:00:00+0100,3526,3761
2015-11-08T19:00:00Z,2015-11-08T20:00:00+0100,153,1840
2015-11-08T20:00:00Z,2015-11-08T21:00:00+0100,1984,3180
2015-11-08T21:00:00Z,2015-11-08T22:00:00+0100,141,1557
2015-11-08T22:00:00Z,2015-11-08T23:00:00+0100,1731,2680
2015-11-08T23:00:00Z,2015-11-09T00:00:00+0100,3284,3754
2015-11-09T00:00:00Z,2015-11-09T01:00:00+0100,3242,3498
2015-11-09T01:00:00Z,2015-11-09T02:00:00+0100,3000,3567
2015-11-09T02:00:00Z,2015-11-09T03:00:00+0100,3016,3569
2015-11-09T03:00:00Z,2015-11-09T04:00:00+0100,3290,3582
2015-11-09T04:00:00Z,2015-11-09T05:00:00+0100,3360,3778
2015-11-09T05:00:00Z,2015-11-09T06:00:00+0100,3320,3966
2015-11-09T06:00:00Z,2015-11-09T07:00:00+0100,3006,4452
2015-11-09T07:00:00Z,2015-11-09T08:00:00+0100,3260,5122
2015-11-09T08:00:00Z,2015-11-09T09:00:00+0100,3680,5348
2015-11-09T09:00:00Z,2015-11-09T10:00:00+0100,3943,5776
2015-11-09T10:00:00Z,2015-11-09T11:00:00+0100,3936,5915
2015-11-09T11:00:00Z,2015-11-09T12:00:00+0100,3924,5722
2015-11-09T12:00:00Z,2015-11-09T13:00:00+0100,3932,5472
2015-11-09T13:00:00Z,2015-11-09T14:00:00+0100,3915,5247
2015-11-09T14:00:00Z,2015-11-09T15:00:00+0100,3931,4850
2015-11-09T15:00:00Z,2015-11-09T16:00:00+0100,3936,4640
2015-11-09T16:00:00Z,2015-11-09T17:00:00+0100,3816,4664
2015-11-09T17:00:00Z,2015-11-09T18:00:00+0100,3730,4862
2015-11-09T18:00:00Z,2015-11-09T19:00:00+0100,3768,4829
2015-11-09T19:00:00Z,2015-11-09T20:00:00+0100,3802,4943
2015-11-09T20:00:00Z,2015-11-09T21:00:00+0100,3862,4962
2015-11-09T21:00:00Z,2015-11-09T22:00:00+0100,3856,4962
2015-11-09T22:00:00Z,2015-11-09T23:00:00+0100,3851,4667
2015-11-09T23:00:00Z,2015-11-10T00:00:00+0100,3599,4474
2015-11-10T00:00:00Z,2015-11-10T01:00:00+0100,3892,4422
2015-11-10T01:00:00Z,2015-11-10T02:00:00+0100,3893,4356
2015-11-10T02:00:00Z,2015-11-10T03:00:00+0100,3887,4342
2015-11-10T03:00:00Z,2015-11-10T04:00:00+0100,3875,4332
2015-11-10T04:00:00Z,2015-11-10T05:00:00+0100,3824,4255
2015-11-10T05:00:00Z,2015-11-10T06:00:00+0100,3804,4272
2015-11-10T06:00:00Z,2015-11-10T07:00:00+0100,3851,4258
2015-11-10T07:00:00Z,2015-11-10T08:00:00+0100,3860,4558
2015-11-10T08:00:00Z,2015-11-10T09:00:00+0100,3880,4632
2015-11-10T09:00:00Z,2015-11-10T10:00:00+0100,3890,4742
2015-11-10T10:00:00Z,2015-11-10T11:00:00+0100,3894,4754
2015-11-10T11:00:00Z,2015-11-10T12:00:00+0100,3876,4474
2015-11-10T12:00:00Z,2015-11-10T13:00:00+0100,3805,4446
2015-11-10T13:00:00Z,2015-11-10T14:00:00+0100,3592,4561
2015-11-10T14:00:00Z,2015-11-10T15:00:00+0100,3440,4506
2015-11-10T15:00:00Z,2015-11-10T16:00:00+0100,3592,4156
2015-11-10T16:00:00Z,2015-11-10T17:00:00+0100,3606,4117
2015-11-10T17:00:00Z,2015-11-10T18:00:00+0100,3202,3902
2015-11-10T18:00:00Z,2015-11-10T19:00:00+0100,2964,3034
2015-11-10T19:00:00Z,2015-11-10T20:00:00+0100,1618,2770
2015-11-10T20:00:00Z,2015-11-10T21:00:00+0100,133,1409
2015-11-10T21:00:00Z,2015-11-10T22:00:00+0100,127,3300
2015-11-10T22:00:00Z,2015-11-10T23:00:00+0100,124,2003
2015-11-10T23:00:00Z,2015-11-11T00:00:00+0100,1524,1979
2015-11-11T00:00:00Z,2015-11-11T01:00:00+0100,3449,2586
2015-11-11T01:00:00Z,2015-11-11T02:00:00+0100,3452,2728
2015-11-11T02:00:00Z,2015-11-11T03:00:00+0100,3358,2466
2015-11-11T03:00:00Z,2015-11-11T04:00:00+0100,3142,2542
2015-11-11T04:00:00Z,2015-11-11T05:00:00+0100,3448,2670
2015-11-11T05:00:00Z,2015-11-11T06:00:00+0100,3254,2682
2015-11-11T06:00:00Z,2015-11-11T07:00:00+0100,3289,2710
2015-11-11T07:00:00Z,2015-11-11T08:00:00+0100,3098,2916
2015-11-11T08:00:00Z,2015-11-11T09:00:00+0100,3253,2941
2015-11-11T09:00:00Z,2015-11-11T10:00:00+0100,3352,2780
2015-11-11T10:00:00Z,2015-11-11T11:00:00+0100,3243,2854
2015-11-11T11:00:00Z,2015-11-11T12:00:00+0100,3248,3487
2015-11-11T12:00:00Z,2015-11-11T13:00:00+0100,2742,2834
2015-11-11T13:00:00Z,2015-11-11T14:00:00+0100,2806,2873
2015-11-11T14:00:00Z,2015-11-11T15:00:00+0100,3368,3200
2015-11-11T15:00:00Z,2015-11-11T16:00:00+0100,3328,3812
2015-11-11T16:00:00Z,2015-11-11T17:00:00+0100,3390,3894
2015-11-11T17:00:00Z,2015-11-11T18:00:00+0100,3089,3962
2015-11-11T18:00:00Z,2015-11-11T19:00:00+0100,3396,4279
2015-11-11T19:00:00Z,2015-11-11T20:00:00+0100,3394,4216
2015-11-11T20:00:00Z,2015-11-11T21:00:00+0100,3504,4065
2015-11-11T21:00:00Z,2015-11-11T22:00:00+0100,3496,3808
2015-11-11T22:00:00Z,2015-11-11T23:00:00+0100,1797,2475
2015-11-11T23:00:00Z,2015-11-12T00:00:00+0100,3052,3477
2015-11-12T00:00:00Z,2015-11-12T01:00:00+0100,2764,3456
2015-11-12T01:00:00Z,2015-11-12T02:00:00+0100,3042,3178
2015-11-12T02:00:00Z,2015-11-12T03:00:00+0100,2478,3048
2015-11-12T03:00:00Z,2015-11-12T04:00:00+0100,1935,3109
2015-11-12T04:00:00Z,2015-11-12T05:00:00+0100,2057,2874
2015-11-12T05:00:00Z,2015-11-12T06:00:00+0100,1658,2601
2015-11-12T06:00:00Z,2015-11-12T07:00:00+0100,1728,2508
2015-11-12T07:00:00Z,2015-11-12T08:00:00+0100,1746,3132
2015-11-12T08:00:00Z,2015-11-12T09:00:00+0100,1700,3770
2015-11-12T09:00:00Z,2015-11-12T10:00:00+0100,2609,4834
2015-11-12T10:00:00Z,2015-11-12T11:00:00+0100,3585,5762
2015-11-12T11:00:00Z,2015-11-12T12:00:00+0100,3804,5455
2015-11-12T12:00:00Z,2015-11-12T13:00:00+0100,3194,4753
2015-11-12T13:00:00Z,2015-11-12T14:00:00+0100,2830,4862
2015-11-12T14:00:00Z,2015-11-12T15:00:00+0100,2878,4959
2015-11-12T15:00:00Z,2015-11-12T16:00:00+0100,3072,5132
2015-11-12T16:00:00Z,2015-11-12T17:00:00+0100,3264,5548
2015-11-12T17:00:00Z,2015-11-12T18:00:00+0100,3558,5807
2015-11-12T18:00:00Z,2015-11-12T19:00:00+0100,3532,5776
2015-11-12T19:00:00Z,2015-11-12T20:00:00+0100,159,3916
2015-11-12T20:00:00Z,2015-11-12T21:00:00+0100,1991,5182
2015-11-12T21:00:00Z,2015-11-12T22:00:00+0100,1995,3713
2015-11-12T22:00:00Z,2015-11-12T23:00:00+0100,150,1992
2015-11-12T23:00:00Z,2015-11-13T00:00:00+0100,3841,4155
2015-11-13T00:00:00Z,2015-11-13T01:00:00+0100,3822,3875
2015-11-13T01:00:00Z,2015-11-13T02:00:00+0100,3752,3750
2015-11-13T02:00:00Z,2015-11-13T03:00:00+0100,3824,3674
2015-11-13T03:00:00Z,2015-11-13T04:00:00+0100,3816,4396
2015-11-13T04:00:00Z,2015-11-13T05:00:00+0100,3802,3591
2015-11-13T05:00:00Z,2015-11-13T06:00:00+0100,3537,3548
2015-11-13T06:00:00Z,2015-11-13T07:00:00+0100,3757,3817
2015-11-13T07:00:00Z,2015-11-13T08:00:00+0100,3726,4486
2015-11-13T08:00:00Z,2015-11-13T09:00:00+0100,3765,4845
2015-11-13T09:00:00Z,2015-11-13T10:00:00+0100,3792,5039
2015-11-13T10:00:00Z,2015-11-13T11:00:00+0100,1977,3561
2015-11-13T11:00:00Z,2015-11-13T12:00:00+0100,3864,5390
2015-11-13T12:00:00Z,2015-11-13T13:00:00+0100,3832,5736
2015-11-13T13:00:00Z,2015-11-13T14:00:00+0100,3640,5618
2015-11-13T14:00:00Z,2015-11-13T15:00:00+0100,3848,5570
2015-11-13T15:00:00Z,2015-11-13T16:00:00+0100,3778,5574
2015-11-13T16:00:00Z,2015-11-13T17:00:00+0100,3842,5715
2015-11-13T17:00:00Z,2015-11-13T18:00:00+0100,3802,5845
2015-11-13T18:00:00Z,2015-11-13T19:00:00+0100,3534,5754
2015-11-13T19:00:00Z,2015-11-13T20:00:00+0100,1994,3800
2015-11-13T20:00:00Z,2015-11-13T21:00:00+0100,3782,5088
2015-11-13T21:00:00Z,2015-11-13T22:00:00+0100,1964,3500
2015-11-13T22:00:00Z,2015-11-13T23:00:00+0100,2013,3156
2015-11-13T23:00:00Z,2015-11-14T00:00:00+0100,2013,3215
2015-11-14T00:00:00Z,2015-11-14T01:00:00+0100,3858,4220
2015-11-14T01:00:00Z,2015-11-14T02:00:00+0100,3848,4024
2015-11-14T02:00:00Z,2015-11-14T03:00:00+0100,3698,3954
2015-11-14T03:00:00Z,2015-11-14T04:00:00+0100,3730,4088
2015-11-14T04:00:00Z,2015-11-14T05:00:00+0100,3752,4106
2015-11-14T05:00:00Z,2015-11-14T06:00:00+0100,1908,2730
2015-11-14T06:00:00Z,2015-11-14T07:00:00+0100,1875,2612
2015-11-14T07:00:00Z,2015-11-14T08:00:00+0100,3521,3753
2015-11-14T08:00:00Z,2015-11-14T09:00:00+0100,3414,3843
2015-11-14T09:00:00Z,2015-11-14T10:00:00+0100,3137,3825
2015-11-14T10:00:00Z,2015-11-14T11:00:00+0100,2949,3333
2015-11-14T11:00:00Z,2015-11-14T12:00:00+0100,2831,3438
2015-11-14T12:00:00Z,2015-11-14T13:00:00+0100,3036,2548
2015-11-14T13:00:00Z,2015-11-14T14:00:00+0100,2549,2983
2015-11-14T14:00:00Z,2015-11-14T15:00:00+0100,2774,2629
2015-11-14T15:00:00Z,2015-11-14T16:00:00+0100,2738,2223
2015-11-14T16:00:00Z,2015-11-14T17:00:00+0100,2998,2274
2015-11-14T17:00:00Z,2015-11-14T18:00:00+0100,2700,2155
2015-11-14T18:00:00Z,2015-11-14T19:00:00+0100,3754,2428
2015-11-14T19:00:00Z,2015-11-14T20:00:00+0100,1832,1690
2015-11-14T20:00:00Z,2015-11-14T21:00:00+0100,1870,2265
2015-11-14T21:00:00Z,2015-11-14T22:00:00+0100,3703,1750
2015-11-14T22:00:00Z,2015-11-14T23:00:00+0100,1936,1859
2015-11-14T23:00:00Z,2015-11-15T00:00:00+0100,3322,2482
2015-11-15T00:00:00Z,2015-11-15T01:00:00+0100,3890,2942
2015-11-15T01:00:00Z,2015-11-15T02:00:00+0100,3820,3824
2015-11-15T02:00:00Z,2015-11-15T03:00:00+0100,3828,3236
2015-11-15T03:00:00Z,2015-11-15T04:00:00+0100,3736,3380
2015-11-15T04:00:00Z,2015-11-15T05:00:00+0100,3680,3389
2015-11-15T05:00:00Z,2015-11-15T06:00:00+0100,3684,3414
2015-11-15T06:00:00Z,2015-11-15T07:00:00+0100,3898,3442
2015-11-15T07:00:00Z,2015-11-15T08:00:00+0100,3793,3650
2015-11-15T08:00:00Z,2015-11-15T09:00:00+0100,3860,3239
2015-11-15T09:00:00Z,2015-11-15T10:00:00+0100,3610,3344
2015-11-15T10:00:00Z,2015-11-15T11:00:00+0100,3608,3453
2015-11-15T11:00:00Z,2015-11-15T12:00:00+0100,3874,4351
2015-11-15T12:00:00Z,2015-11-15T13:00:00+0100,3580,3672
2015-11-15T13:00:00Z,2015-11-15T14:00:00+0100,3714,4096
2015-11-15T14:00:00Z,2015-11-15T15:00:00+0100,3733,4310
2015-11-15T15:00:00Z,2015-11-15T16:00:00+0100,3465,4499
2015-11-15T16:00:00Z,2015-11-15T17:00:00+0100,3825,4825
2015-11-15T17:00:00Z,2015-11-15T18:00:00+0100,3294,5101
2015-11-15T18:00:00Z,2015-11-15T19:00:00+0100,3839,5397
2015-11-15T19:00:00Z,2015-11-15T20:00:00+0100,3806,3734
2015-11-15T20:00:00Z,2015-11-15T21:00:00+0100,3831,5192
2015-11-15T21:00:00Z,2015-11-15T22:00:00+0100,3867,4938
2015-11-15T22:00:00Z,2015-11-15T23:00:00+0100,3818,4707
2015-11-15T23:00:00Z,2015-11-16T00:00:00+0100,3808,4596
2015-11-16T00:00:00Z,2015-11-16T01:00:00+0100,3284,4602
2015-11-16T01:00:00Z,2015-11-16T02:00:00+0100,2935,4590
2015-11-16T02:00:00Z,2015-11-16T03:00:00+0100,3665,4800
2015-11-16T03:00:00Z,2015-11-16T04:00:00+0100,3739,4753
2015-11-16T04:00:00Z,2015-11-16T05:00:00+0100,3749,4505
2015-11-16T05:00:00Z,2015-11-16T06:00:00+0100,3724,4284
2015-11-16T06:00:00Z,2015-11-16T07:00:00+0100,3706,4856
2015-11-16T07:00:00Z,2015-11-16T08:00:00+0100,3576,5009
2015-11-16T08:00:00Z,2015-11-16T09:00:00+0100,3494,5070
2015-11-16T09:00:00Z,2015-11-16T10:00:00+0100,1619,3305
2015-11-16T10:00:00Z,2015-11-16T11:00:00+0100,2812,5089
2015-11-16T11:00:00Z,2015-11-16T12:00:00+0100,2710,5260
2015-11-16T12:00:00Z,2015-11-16T13:00:00+0100,2584,5138
2015-11-16T13:00:00Z,2015-11-16T14:00:00+0100,2382,5149
2015-11-16T14:00:00Z,2015-11-16T15:00:00+0100,2667,4946
2015-11-16T15:00:00Z,2015-11-16T16:00:00+0100,2747,5037
2015-11-16T16:00:00Z,2015-11-16T17:00:00+0100,2768,4166
2015-11-16T17:00:00Z,2015-11-16T18:00:00+0100,2518,4396
2015-11-16T18:00:00Z,2015-11-16T19:00:00+0100,2321,4587
2015-11-16T19:00:00Z,2015-11-16T20:00:00+0100,1011,3039
2015-11-16T20:00:00Z,2015-11-16T21:00:00+0100,2429,4178
2015-11-16T21:00:00Z,2015-11-16T22:00:00+0100,1294,2409
2015-11-16T22:00:00Z,2015-11-16T23:00:00+0100,1308,2588
2015-11-16T23:00:00Z,2015-11-17T00:00:00+0100,2135,3437
2015-11-17T00:00:00Z,2015-11-17T01:00:00+0100,2375,3174
2015-11-17T01:00:00Z,2015-11-17T02:00:00+0100,2120,2987
2015-11-17T02:00:00Z,2015-11-17T03:00:00+0100,2202,3100
2015-11-17T03:00:00Z,2015-11-17T04:00:00+0100,2415,3072
2015-11-17T04:00:00Z,2015-11-17T05:00:00+0100,2400,3312
2015-11-17T05:00:00Z,2015-11-17T06:00:00+0100,2269,2994
2015-11-17T06:00:00Z,2015-11-17T07:00:00+0100,2277,2879
2015-11-17T07:00:00Z,2015-11-17T08:00:00+0100,2021,3276
2015-11-17T08:00:00Z,2015-11-17T09:00:00+0100,1874,3230
2015-11-17T09:00:00Z,2015-11-17T10:00:00+0100,1851,2982
2015-11-17T10:00:00Z,2015-11-17T11:00:00+0100,1910,2692
2015-11-17T11:00:00Z,2015-11-17T12:00:00+0100,1984,2486
2015-11-17T12:00:00Z,2015-11-17T13:00:00+0100,2748,2444
2015-11-17T13:00:00Z,2015-11-17T14:00:00+0100,3378,2469
2015-11-17T14:00:00Z,2015-11-17T15:00:00+0100,3599,2422
2015-11-17T15:00:00Z,2015-11-17T16:00:00+0100,3780,2542
2015-11-17T16:00:00Z,2015-11-17T17:00:00+0100,3770,2636
2015-11-17T17:00:00Z,2015-11-17T18:00:00+0100,3686,2656
2015-11-17T18:00:00Z,2015-11-17T19:00:00+0100,3656,2469
2015-11-17T19:00:00Z,2015-11-17T20:00:00+0100,3690,3197
2015-11-17T20:00:00Z,2015-11-17T21:00:00+0100,3328,3582
2015-11-17T21:00:00Z,2015-11-17T22:00:00+0100,2640,4094
2015-11-17T22:00:00Z,2015-11-17T23:00:00+0100,2348,4447
2015-11-17T23:00:00Z,2015-11-18T00:00:00+0100,2310,4593
2015-11-18T00:00:00Z,2015-11-18T01:00:00+0100,3055,4458
2015-11-18T01:00:00Z,2015-11-18T02:00:00+0100,3451,4360
2015-11-18T02:00:00Z,2015-11-18T03:00:00+0100,1822,4258
2015-11-18T03:00:00Z,2015-11-18T04:00:00+0100,3186,3970
2015-11-18T04:00:00Z,2015-11-18T05:00:00+0100,3278,3714
2015-11-18T05:00:00Z,2015-11-18T06:00:00+0100,3045,3510
2015-11-18T06:00:00Z,2015-11-18T07:00:00+0100,3268,3514
2015-11-18T07:00:00Z,2015-11-18T08:00:00+0100,3418,3838
2015-11-18T08:00:00Z,2015-11-18T09:00:00+0100,3604,4192
2015-11-18T09:00:00Z,2015-11-18T10:00:00+0100,3568,4646
2015-11-18T10:00:00Z,2015-11-18T11:00:00+0100,3711,4913
2015-11-18T11:00:00Z,2015-11-18T12:00:00+0100,3746,4851
2015-11-18T12:00:00Z,2015-11-18T13:00:00+0100,3742,5060
2015-11-18T13:00:00Z,2015-11-18T14:00:00+0100,3760,5203
2015-11-18T14:00:00Z,2015-11-18T15:00:00+0100,3765,5370
2015-11-18T15:00:00Z,2015-11-18T16:00:00+0100,3681,5410
2015-11-18T16:00:00Z,2015-11-18T17:00:00+0100,3762,5274
2015-11-18T17:00:00Z,2015-11-18T18:00:00+0100,3433,5044
2015-11-18T18:00:00Z,2015-11-18T19:00:00+0100,3631,5144
2015-11-18T19:00:00Z,2015-11-18T20:00:00+0100,3426,5047
2015-11-18T20:00:00Z,2015-11-18T21:00:00+0100,1870,3515
2015-11-18T21:00:00Z,2015-11-18T22:00:00+0100,3628,5348
2015-11-18T22:00:00Z,2015-11-18T23:00:00+0100,3736,3901
2015-11-18T23:00:00Z,2015-11-19T00:00:00+0100,1778,5360
2015-11-19T00:00:00Z,2015-11-19T01:00:00+0100,3800,5386
2015-11-19T01:00:00Z,2015-11-19T02:00:00+0100,3565,4281
2015-11-19T02:00:00Z,2015-11-19T03:00:00+0100,3790,5078
2015-11-19T03:00:00Z,2015-11-19T04:00:00+0100,3785,5282
2015-11-19T04:00:00Z,2015-11-19T05:00:00+0100,3765,5105
2015-11-19T05:00:00Z,2015-11-19T06:00:00+0100,3672,4706
2015-11-19T06:00:00Z,2015-11-19T07:00:00+0100,3666,4500
2015-11-19T07:00:00Z,2015-11-19T08:00:00+0100,1832,2851
2015-11-19T08:00:00Z,2015-11-19T09:00:00+0100,1646,2528
2015-11-19T09:00:00Z,2015-11-19T10:00:00+0100,3210,3384
2015-11-19T10:00:00Z,2015-11-19T11:00:00+0100,2878,3292
2015-11-19T11:00:00Z,2015-11-19T12:00:00+0100,1475,3533
2015-11-19T12:00:00Z,2015-11-19T13:00:00+0100,2660,3581
2015-11-19T13:00:00Z,2015-11-19T14:00:00+0100,2289,3557
2015-11-19T14:00:00Z,2015-11-19T15:00:00+0100,2190,2384
2015-11-19T15:00:00Z,2015-11-19T16:00:00+0100,2094,3464
2015-11-19T16:00:00Z,2015-11-19T17:00:00+0100,2182,3600
2015-11-19T17:00:00Z,2015-11-19T18:00:00+0100,2772,3718
2015-11-19T18:00:00Z,2015-11-19T19:00:00+0100,3094,3608
2015-11-19T19:00:00Z,2015-11-19T20:00:00+0100,3288,3666
2015-11-19T20:00:00Z,2015-11-19T21:00:00+0100,3340,3402
2015-11-19T21:00:00Z,2015-11-19T22:00:00+0100,3508,3187
2015-11-19T22:00:00Z,2015-11-19T23:00:00+0100,1802,2079
2015-11-19T23:00:00Z,2015-11-20T00:00:00+0100,3049,3040
2015-11-20T00:00:00Z,2015-11-20T01:00:00+0100,3408,2730
2015-11-20T01:00:00Z,2015-11-20T02:00:00+0100,3397,2618
2015-11-20T02:00:00Z,2015-11-20T03:00:00+0100,3336,2572
2015-11-20T03:00:00Z,2015-11-20T04:00:00+0100,3240,2578
2015-11-20T04:00:00Z,2015-11-20T05:00:00+0100,3124,2568
2015-11-20T05:00:00Z,2015-11-20T06:00:00+0100,2889,2648
2015-11-20T06:00:00Z,2015-11-20T07:00:00+0100,3040,2626
2015-11-20T07:00:00Z,2015-11-20T08:00:00+0100,2702,2643
2015-11-20T08:00:00Z,2015-11-20T09:00:00+0100,2952,2595
2015-11-20T09:00:00Z,2015-11-20T10:00:00+0100,3096,2656
2015-11-20T10:00:00Z,2015-11-20T11:00:00+0100,2960,2926
2015-11-20T11:00:00Z,2015-11-20T12:00:00+0100,3066,3142
2015-11-20T12:00:00Z,2015-11-20T13:00:00+0100,2625,2958
2015-11-20T13:00:00Z,2015-11-20T14:00:00+0100,3008,3344
2015-11-20T14:00:00Z,2015-11-20T15:00:00+0100,3274,3802
2015-11-20T15:00:00Z,2015-11-20T16:00:00+0100,3494,4248
2015-11-20T16:00:00Z,2015-11-20T17:00:00+0100,3594,3850
2015-11-20T17:00:00Z,2015-11-20T18:00:00+0100,3590,3991
2015-11-20T18:00:00Z,2015-11-20T19:00:00+0100,3604,4106
2015-11-20T19:00:00Z,2015-11-20T20:00:00+0100,3625,4439
2015-11-20T20:00:00Z,2015-11-20T21:00:00+0100,1885,3126
2015-11-20T21:00:00Z,2015-11-20T22:00:00+0100,1884,3067
2015-11-20T22:00:00Z,2015-11-20T23:00:00+0100,3642,4698
2015-11-20T23:00:00Z,2015-11-21T00:00:00+0100,3298,4644
2015-11-21T00:00:00Z,2015-11-21T01:00:00+0100,3680,4331
2015-11-21T01:00:00Z,2015-11-21T02:00:00+0100,3770,4900
2015-11-21T02:00:00Z,2015-11-21T03:00:00+0100,3786,4831
2015-11-21T03:00:00Z,2015-11-21T04:00:00+0100,3586,5379
2015-11-21T04:00:00Z,2015-11-21T05:00:00+0100,3434,3624
2015-11-21T05:00:00Z,2015-11-21T06:00:00+0100,3536,5004
2015-11-21T06:00:00Z,2015-11-21T07:00:00+0100,3226,3456
2015-11-21T07:00:00Z,2015-11-21T08:00:00+0100,3265,3433
2015-11-21T08:00:00Z,2015-11-21T09:00:00+0100,1640,2729
2015-11-21T09:00:00Z,2015-11-21T10:00:00+0100,3171,3374
2015-11-21T10:00:00Z,2015-11-21T11:00:00+0100,3049,3070
2015-11-21T11:00:00Z,2015-11-21T12:00:00+0100,3128,2863
2015-11-21T12:00:00Z,2015-11-21T13:00:00+0100,2923,2817
2015-11-21T13:00:00Z,2015-11-21T14:00:00+0100,3088,2682
2015-11-21T14:00:00Z,2015-11-21T15:00:00+0100,3200,2316
2015-11-21T15:00:00Z,2015-11-21T16:00:00+0100,3107,1963
2015-11-21T16:00:00Z,2015-11-21T17:00:00+0100,3016,1780
2015-11-21T17:00:00Z,2015-11-21T18:00:00+0100,3136,1642
2015-11-21T18:00:00Z,2015-11-21T19:00:00+0100,3034,1532
2015-11-21T19:00:00Z,2015-11-21T20:00:00+0100,2657,1316
2015-11-21T20:00:00Z,2015-11-21T21:00:00+0100,2642,1200
2015-11-21T21:00:00Z,2015-11-21T22:00:00+0100,2570,1130
2015-11-21T22:00:00Z,2015-11-21T23:00:00+0100,2468,1094
2015-11-21T23:00:00Z,2015-11-22T00:00:00+0100,2392,1218
2015-11-22T00:00:00Z,2015-11-22T01:00:00+0100,2108,1078
2015-11-22T01:00:00Z,2015-11-22T02:00:00+0100,1952,1056
2015-11-22T02:00:00Z,2015-11-22T03:00:00+0100,1836,913
2015-11-22T03:00:00Z,2015-11-22T04:00:00+0100,1583,950
2015-11-22T04:00:00Z,2015-11-22T05:00:00+0100,1506,999
2015-11-22T05:00:00Z,2015-11-22T06:00:00+0100,1282,1246
2015-11-22T06:00:00Z,2015-11-22T07:00:00+0100,1082,1278
2015-11-22T07:00:00Z,2015-11-22T08:00:00+0100,1168,1322
2015-11-22T08:00:00Z,2015-11-22T09:00:00+0100,1160,1238
2015-11-22T09:00:00Z,2015-11-22T10:00:00+0100,1112,1308
2015-11-22T10:00:00Z,2015-11-22T11:00:00+0100,1286,1238
2015-11-22T11:00:00Z,2015-11-22T12:00:00+0100,1337,1096
2015-11-22T12:00:00Z,2015-11-22T13:00:00+0100,1454,1155
2015-11-22T13:00:00Z,2015-11-22T14:00:00+0100,1768,1206
2015-11-22T14:00:00Z,2015-11-22T15:00:00+0100,1849,1024
2015-11-22T15:00:00Z,2015-11-22T16:00:00+0100,2096,1010
2015-11-22T16:00:00Z,2015-11-22T17:00:00+0100,1972,1024
2015-11-22T17:00:00Z,2015-11-22T18:00:00+0100,1796,1010
2015-11-22T18:00:00Z,2015-11-22T19:00:00+0100,1813,910
2015-11-22T19:00:00Z,2015-11-22T20:00:00+0100,1755,895
2015-11-22T20:00:00Z,2015-11-22T21:00:00+0100,1454,808
2015-11-22T21:00:00Z,2015-11-22T22:00:00+0100,1076,930
2015-11-22T22:00:00Z,2015-11-22T23:00:00+0100,1073,810
2015-11-22T23:00:00Z,2015-11-23T00:00:00+0100,970,924
2015-11-23T00:00:00Z,2015-11-23T01:00:00+0100,900,1148
2015-11-23T01:00:00Z,2015-11-23T02:00:00+0100,1207,1268
2015-11-23T02:00:00Z,2015-11-23T03:00:00+0100,741,1948
2015-11-23T03:00:00Z,2015-11-23T04:00:00+0100,832,2174
2015-11-23T04:00:00Z,2015-11-23T05:00:00+0100,634,1980
2015-11-23T05:00:00Z,2015-11-23T06:00:00+0100,963,2848
2015-11-23T06:00:00Z,2015-11-23T07:00:00+0100,792,2524
2015-11-23T07:00:00Z,2015-11-23T08:00:00+0100,663,2123
2015-11-23T08:00:00Z,2015-11-23T09:00:00+0100,756,2277
2015-11-23T09:00:00Z,2015-11-23T10:00:00+0100,475,1580
2015-11-23T10:00:00Z,2015-11-23T11:00:00+0100,934,2787
2015-11-23T11:00:00Z,2015-11-23T12:00:00+0100,1200,3200
2015-11-23T12:00:00Z,2015-11-23T13:00:00+0100,1636,3681
2015-11-23T13:00:00Z,2015-11-23T14:00:00+0100,2126,3890
2015-11-23T14:00:00Z,2015-11-23T15:00:00+0100,2673,4152
2015-11-23T15:00:00Z,2015-11-23T16:00:00+0100,2736,4088
2015-11-23T16:00:00Z,2015-11-23T17:00:00+0100,3102,4128
2015-11-23T17:00:00Z,2015-11-23T18:00:00+0100,3358,3924
2015-11-23T18:00:00Z,2015-11-23T19:00:00+0100,3516,3909
2015-11-23T19:00:00Z,2015-11-23T20:00:00+0100,3451,3738
2015-11-23T20:00:00Z,2015-11-23T21:00:00+0100,3190,3610
2015-11-23T21:00:00Z,2015-11-23T22:00:00+0100,2978,3480
2015-11-23T22:00:00Z,2015-11-23T23:00:00+0100,1611,2254
2015-11-23T23:00:00Z,2015-11-24T00:00:00+0100,2355,3305
2015-11-24T00:00:00Z,2015-11-24T01:00:00+0100,3360,3388
2015-11-24T01:00:00Z,2015-11-24T02:00:00+0100,3440,3367
2015-11-24T02:00:00Z,2015-11-24T03:00:00+0100,3502,3326
2015-11-24T03:00:00Z,2015-11-24T04:00:00+0100,3490,3206
2015-11-24T04:00:00Z,2015-11-24T05:00:00+0100,3368,2961
2015-11-24T05:00:00Z,2015-11-24T06:00:00+0100,3461,2928
2015-11-24T06:00:00Z,2015-11-24T07:00:00+0100,3306,2881
2015-11-24T07:00:00Z,2015-11-24T08:00:00+0100,3215,2848
2015-11-24T08:00:00Z,2015-11-24T09:00:00+0100,3462,2976
2015-11-24T09:00:00Z,2015-11-24T10:00:00+0100,3312,3042
2015-11-24T10:00:00Z,2015-11-24T11:00:00+0100,2810,2956
2015-11-24T11:00:00Z,2015-11-24T12:00:00+0100,2192,3038
2015-11-24T12:00:00Z,2015-11-24T13:00:00+0100,2618,3467
2015-11-24T13:00:00Z,2015-11-24T14:00:00+0100,2642,3616
2015-11-24T14:00:00Z,2015-11-24T15:00:00+0100,2470,3822
2015-11-24T15:00:00Z,2015-11-24T16:00:00+0100,2781,3719
2015-11-24T16:00:00Z,2015-11-24T17:00:00+0100,2878,3814
2015-11-24T17:00:00Z,2015-11-24T18:00:00+0100,2893,3648
2015-11-24T18:00:00Z,2015-11-24T19:00:00+0100,3129,3821
2015-11-24T19:00:00Z,2015-11-24T20:00:00+0100,2942,3880
2015-11-24T20:00:00Z,2015-11-24T21:00:00+0100,3099,3787
2015-11-24T21:00:00Z,2015-11-24T22:00:00+0100,3255,3823
2015-11-24T22:00:00Z,2015-11-24T23:00:00+0100,3328,3773
2015-11-24T23:00:00Z,2015-11-25T00:00:00+0100,3332,3610
2015-11-25T00:00:00Z,2015-11-25T01:00:00+0100,3294,3544
2015-11-25T01:00:00Z,2015-11-25T02:00:00+0100,3306,3507
2015-11-25T02:00:00Z,2015-11-25T03:00:00+0100,3348,3434
2015-11-25T03:00:00Z,2015-11-25T04:00:00+0100,3232,3566
2015-11-25T04:00:00Z,2015-11-25T05:00:00+0100,3313,3562
2015-11-25T05:00:00Z,2015-11-25T06:00:00+0100,3234,3476
2015-11-25T06:00:00Z,2015-11-25T07:00:00+0100,3119,3552
2015-11-25T07:00:00Z,2015-11-25T08:00:00+0100,3182,3580
2015-11-25T08:00:00Z,2015-11-25T09:00:00+0100,3196,3376
2015-11-25T09:00:00Z,2015-11-25T10:00:00+0100,2940,3325
2015-11-25T10:00:00Z,2015-11-25T11:00:00+0100,2696,3220
2015-11-25T11:00:00Z,2015-11-25T12:00:00+0100,2798,3334
2015-11-25T12:00:00Z,2015-11-25T13:00:00+0100,2928,3160
2015-11-25T13:00:00Z,2015-11-25T14:00:00+0100,3112,2988
2015-11-25T14:00:00Z,2015-11-25T15:00:00+0100,3170,2912
2015-11-25T15:00:00Z,2015-11-25T16:00:00+0100,3133,2662
2015-11-25T16:00:00Z,2015-11-25T17:00:00+0100,3022,2449
2015-11-25T17:00:00Z,2015-11-25T18:00:00+0100,3010,2418
2015-11-25T18:00:00Z,2015-11-25T19:00:00+0100,2750,2342
2015-11-25T19:00:00Z,2015-11-25T20:00:00+0100,2642,2296
2015-11-25T20:00:00Z,2015-11-25T21:00:00+0100,2548,2167
2015-11-25T21:00:00Z,2015-11-25T22:00:00+0100,2262,2100
2015-11-25T22:00:00Z,2015-11-25T23:00:00+0100,2058,2127
2015-11-25T23:00:00Z,2015-11-26T00:00:00+0100,1857,2004
2015-11-26T00:00:00Z,2015-11-26T01:00:00+0100,1592,2061
2015-11-26T01:00:00Z,2015-11-26T02:00:00+0100,1264,2082
2015-11-26T02:00:00Z,2015-11-26T03:00:00+0100,1017,2240
2015-11-26T03:00:00Z,2015-11-26T04:00:00+0100,724,2228
2015-11-26T04:00:00Z,2015-11-26T05:00:00+0100,954,2186
2015-11-26T05:00:00Z,2015-11-26T06:00:00+0100,882,2039
2015-11-26T06:00:00Z,2015-11-26T07:00:00+0100,457,2182
2015-11-26T07:00:00Z,2015-11-26T08:00:00+0100,558,2046
2015-11-26T08:00:00Z,2015-11-26T09:00:00+0100,567,2298
2015-11-26T09:00:00Z,2015-11-26T10:00:00+0100,416,2433
2015-11-26T10:00:00Z,2015-11-26T11:00:00+0100,271,1941
2015-11-26T11:00:00Z,2015-11-26T12:00:00+0100,392,2078
2015-11-26T12:00:00Z,2015-11-26T13:00:00+0100,438,2406
2015-11-26T13:00:00Z,2015-11-26T14:00:00+0100,364,2742
2015-11-26T14:00:00Z,2015-11-26T15:00:00+0100,421,2846
2015-11-26T15:00:00Z,2015-11-26T16:00:00+0100,288,1837
2015-11-26T16:00:00Z,2015-11-26T17:00:00+0100,815,3103
2015-11-26T17:00:00Z,2015-11-26T18:00:00+0100,998,3112
2015-11-26T18:00:00Z,2015-11-26T19:00:00+0100,1132,3388
2015-11-26T19:00:00Z,2015-11-26T20:00:00+0100,1346,3456
2015-11-26T20:00:00Z,2015-11-26T21:00:00+0100,1298,3434
2015-11-26T21:00:00Z,2015-11-26T22:00:00+0100,1274,3417
2015-11-26T22:00:00Z,2015-11-26T23:00:00+0100,1523,3312
2015-11-26T23:00:00Z,2015-11-27T00:00:00+0100,1447,3362
2015-11-27T00:00:00Z,2015-11-27T01:00:00+0100,1454,3422
2015-11-27T01:00:00Z,2015-11-27T02:00:00+0100,1618,3611
2015-11-27T02:00:00Z,2015-11-27T03:00:00+0100,1529,3556
2015-11-27T03:00:00Z,2015-11-27T04:00:00+0100,1408,3543
2015-11-27T04:00:00Z,2015-11-27T05:00:00+0100,1887,3460
2015-11-27T05:00:00Z,2015-11-27T06:00:00+0100,2207,3270
2015-11-27T06:00:00Z,2015-11-27T07:00:00+0100,2552,3601
2015-11-27T07:00:00Z,2015-11-27T08:00:00+0100,2793,4369
2015-11-27T08:00:00Z,2015-11-27T09:00:00+0100,3164,5006
2015-11-27T09:00:00Z,2015-11-27T10:00:00+0100,3327,4938
2015-11-27T10:00:00Z,2015-11-27T11:00:00+0100,3528,4854
2015-11-27T11:00:00Z,2015-11-27T12:00:00+0100,3647,5090
2015-11-27T12:00:00Z,2015-11-27T13:00:00+0100,3716,4768
2015-11-27T13:00:00Z,2015-11-27T14:00:00+0100,3766,4368
2015-11-27T14:00:00Z,2015-11-27T15:00:00+0100,3612,4074
2015-11-27T15:00:00Z,2015-11-27T16:00:00+0100,3517,3946
2015-11-27T16:00:00Z,2015-11-27T17:00:00+0100,3471,3915
2015-11-27T17:00:00Z,2015-11-27T18:00:00+0100,3449,4227
2015-11-27T18:00:00Z,2015-11-27T19:00:00+0100,3281,4404
2015-11-27T19:00:00Z,2015-11-27T20:00:00+0100,3656,4415
2015-11-27T20:00:00Z,2015-11-27T21:00:00+0100,3651,4439
2015-11-27T21:00:00Z,2015-11-27T22:00:00+0100,3746,4432
2015-11-27T22:00:00Z,2015-11-27T23:00:00+0100,2019,3065
2015-11-27T23:00:00Z,2015-11-28T00:00:00+0100,3614,4112
2015-11-28T00:00:00Z,2015-11-28T01:00:00+0100,3950,4309
2015-11-28T01:00:00Z,2015-11-28T02:00:00+0100,3940,4410
2015-11-28T02:00:00Z,2015-11-28T03:00:00+0100,3772,4686
2015-11-28T03:00:00Z,2015-11-28T04:00:00+0100,3747,4394
2015-11-28T04:00:00Z,2015-11-28T05:00:00+0100,3932,4190
2015-11-28T05:00:00Z,2015-11-28T06:00:00+0100,138,1578
2015-11-28T06:00:00Z,2015-11-28T07:00:00+0100,3900,3904
2015-11-28T07:00:00Z,2015-11-28T08:00:00+0100,3613,3929
2015-11-28T08:00:00Z,2015-11-28T09:00:00+0100,3880,4326
2015-11-28T09:00:00Z,2015-11-28T10:00:00+0100,3860,4800
2015-11-28T10:00:00Z,2015-11-28T11:00:00+0100,3709,4993
2015-11-28T11:00:00Z,2015-11-28T12:00:00+0100,3357,5097
2015-11-28T12:00:00Z,2015-11-28T13:00:00+0100,3482,5306
2015-11-28T13:00:00Z,2015-11-28T14:00:00+0100,3865,5105
2015-11-28T14:00:00Z,2015-11-28T15:00:00+0100,4016,5184
2015-11-28T15:00:00Z,2015-11-28T16:00:00+0100,4037,5141
2015-11-28T16:00:00Z,2015-11-28T17:00:00+0100,4022,5112
2015-11-28T17:00:00Z,2015-11-28T18:00:00+0100,4013,5412
2015-11-28T18:00:00Z,2015-11-28T19:00:00+0100,4034,5232
2015-11-28T19:00:00Z,2015-11-28T20:00:00+0100,2110,3641
2015-11-28T20:00:00Z,2015-11-28T21:00:00+0100,4039,5276
2015-11-28T21:00:00Z,2015-11-28T22:00:00+0100,4019,5076
2015-11-28T22:00:00Z,2015-11-28T23:00:00+0100,4002,4792
2015-11-28T23:00:00Z,2015-11-29T00:00:00+0100,3700,4519
2015-11-29T00:00:00Z,2015-11-29T01:00:00+0100,3922,4172
2015-11-29T01:00:00Z,2015-11-29T02:00:00+0100,3912,4092
2015-11-29T02:00:00Z,2015-11-29T03:00:00+0100,3932,3922
2015-11-29T03:00:00Z,2015-11-29T04:00:00+0100,3938,4030
2015-11-29T04:00:00Z,2015-11-29T05:00:00+0100,3870,4392
2015-11-29T05:00:00Z,2015-11-29T06:00:00+0100,3884,4414
2015-11-29T06:00:00Z,2015-11-29T07:00:00+0100,3966,3854
2015-11-29T07:00:00Z,2015-11-29T08:00:00+0100,3823,4842
2015-11-29T08:00:00Z,2015-11-29T09:00:00+0100,2046,2909
2015-11-29T09:00:00Z,2015-11-29T10:00:00+0100,3881,4544
2015-11-29T10:00:00Z,2015-11-29T11:00:00+0100,3304,4496
2015-11-29T11:00:00Z,2015-11-29T12:00:00+0100,3087,4411
2015-11-29T12:00:00Z,2015-11-29T13:00:00+0100,3069,4832
2015-11-29T13:00:00Z,2015-11-29T14:00:00+0100,3260,5214
2015-11-29T14:00:00Z,2015-11-29T15:00:00+0100,3720,4864
2015-11-29T15:00:00Z,2015-11-29T16:00:00+0100,3636,5532
2015-11-29T16:00:00Z,2015-11-29T17:00:00+0100,3786,5842
2015-11-29T17:00:00Z,2015-11-29T18:00:00+0100,3595,5880
2015-11-29T18:00:00Z,2015-11-29T19:00:00+0100,3834,6002
2015-11-29T19:00:00Z,2015-11-29T20:00:00+0100,3690,5945
2015-11-29T20:00:00Z,2015-11-29T21:00:00+0100,3898,5701
2015-11-29T21:00:00Z,2015-11-29T22:00:00+0100,2037,5284
2015-11-29T22:00:00Z,2015-11-29T23:00:00+0100,3872,4800
2015-11-29T23:00:00Z,2015-11-30T00:00:00+0100,3490,4412
2015-11-30T00:00:00Z,2015-11-30T01:00:00+0100,3930,4332
2015-11-30T01:00:00Z,2015-11-30T02:00:00+0100,3844,4104
2015-11-30T02:00:00Z,2015-11-30T03:00:00+0100,3593,3813
2015-11-30T03:00:00Z,2015-11-30T04:00:00+0100,3348,3987
2015-11-30T04:00:00Z,2015-11-30T05:00:00+0100,3082,3902
2015-11-30T05:00:00Z,2015-11-30T06:00:00+0100,2342,3689
2015-11-30T06:00:00Z,2015-11-30T07:00:00+0100,1726,3237
2015-11-30T07:00:00Z,2015-11-30T08:00:00+0100,1201,2919
2015-11-30T08:00:00Z,2015-11-30T09:00:00+0100,1704,2522
2015-11-30T09:00:00Z,2015-11-30T10:00:00+0100,2638,2210
2015-11-30T10:00:00Z,2015-11-30T11:00:00+0100,3338,2276
2015-11-30T11:00:00Z,2015-11-30T12:00:00+0100,3693,2394
2015-11-30T12:00:00Z,2015-11-30T13:00:00+0100,3388,2673
2015-11-30T13:00:00Z,2015-11-30T14:00:00+0100,3218,3053
2015-11-30T14:00:00Z,2015-11-30T15:00:00+0100,3385,3276
2015-11-30T15:00:00Z,2015-11-30T16:00:00+0100,3548,3310
2015-11-30T16:00:00Z,2015-11-30T17:00:00+0100,3314,3494
2015-11-30T17:00:00Z,2015-11-30T18:00:00+0100,3026,3292
2015-11-30T18:00:00Z,2015-11-30T19:00:00+0100,2598,3031
2015-11-30T19:00:00Z,2015-11-30T20:00:00+0100,2416,2806
2015-11-30T20:00:00Z,2015-11-30T21:00:00+0100,2150,2488
2015-11-30T21:00:00Z,2015-11-30T22:00:00+0100,1878,2156
2015-11-30T22:00:00Z,2015-11-30T23:00:00+0100,1074,1842
2015-11-30T23:00:00Z,2015-12-01T00:00:00+0100,498,1598
2015-12-01T00:00:00Z,2015-12-01T01:00:00+0100,176,1424
2015-12-01T01:00:00Z,2015-12-01T02:00:00+0100,166,1244
2015-12-01T02:00:00Z,2015-12-01T03:00:00+0100,238,1177
2015-12-01T03:00:00Z,2015-12-01T04:00:00+0100,392,1158
2015-12-01T04:00:00Z,2015-12-01T05:00:00+0100,480,1276
2015-12-01T05:00:00Z,2015-12-01T06:00:00+0100,742,1499
2015-12-01T06:00:00Z,2015-12-01T07:00:00+0100,1494,2445
2015-12-01T07:00:00Z,2015-12-01T08:00:00+0100,702,2486
2015-12-01T08:00:00Z,2015-12-01T09:00:00+0100,1519,2944
2015-12-01T09:00:00Z,2015-12-01T10:00:00+0100,3038,4093
2015-12-01T10:00:00Z,2015-12-01T11:00:00+0100,3008,3652
2015-12-01T11:00:00Z,2015-12-01T12:00:00+0100,3336,4242
2015-12-01T12:00:00Z,2015-12-01T13:00:00+0100,3528,4604
2015-12-01T13:00:00Z,2015-12-01T14:00:00+0100,3548,4490
2015-12-01T14:00:00Z,2015-12-01T15:00:00+0100,3488,4566
2015-12-01T15:00:00Z,2015-12-01T16:00:00+0100,3632,4682
2015-12-01T16:00:00Z,2015-12-01T17:00:00+0100,3598,4776
2015-12-01T17:00:00Z,2015-12-01T18:00:00+0100,3671,4727
2015-12-01T18:00:00Z,2015-12-01T19:00:00+0100,3604,4930
2015-12-01T19:00:00Z,2015-12-01T20:00:00+0100,3586,5037
2015-12-01T20:00:00Z,2015-12-01T21:00:00+0100,129,1745
2015-12-01T21:00:00Z,2015-12-01T22:00:00+0100,121,1773
2015-12-01T22:00:00Z,2015-12-01T23:00:00+0100,3562,4302
2015-12-01T23:00:00Z,2015-12-02T00:00:00+0100,3065,4248
2015-12-02T00:00:00Z,2015-12-02T01:00:00+0100,3310,3992
2015-12-02T01:00:00Z,2015-12-02T02:00:00+0100,3048,4107
2015-12-02T02:00:00Z,2015-12-02T03:00:00+0100,3182,4228
2015-12-02T03:00:00Z,2015-12-02T04:00:00+0100,3305,4246
2015-12-02T04:00:00Z,2015-12-02T05:00:00+0100,3061,4291
2015-12-02T05:00:00Z,2015-12-02T06:00:00+0100,3368,4098
2015-12-02T06:00:00Z,2015-12-02T07:00:00+0100,3676,4236
2015-12-02T07:00:00Z,2015-12-02T08:00:00+0100,3626,4489
2015-12-02T08:00:00Z,2015-12-02T09:00:00+0100,3577,4333
2015-12-02T09:00:00Z,2015-12-02T10:00:00+0100,3732,4494
2015-12-02T10:00:00Z,2015-12-02T11:00:00+0100,3654,4028
2015-12-02T11:00:00Z,2015-12-02T12:00:00+0100,3416,3770
2015-12-02T12:00:00Z,2015-12-02T13:00:00+0100,2999,4087
2015-12-02T13:00:00Z,2015-12-02T14:00:00+0100,3348,3436
2015-12-02T14:00:00Z,2015-12-02T15:00:00+0100,2876,2472
2015-12-02T15:00:00Z,2015-12-02T16:00:00+0100,2702,2677
2015-12-02T16:00:00Z,2015-12-02T17:00:00+0100,2619,2316
2015-12-02T17:00:00Z,2015-12-02T18:00:00+0100,2736,2074
2015-12-02T18:00:00Z,2015-12-02T19:00:00+0100,2656,1829
2015-12-02T19:00:00Z,2015-12-02T20:00:00+0100,1234,1241
2015-12-02T20:00:00Z,2015-12-02T21:00:00+0100,2400,1518
2015-12-02T21:00:00Z,2015-12-02T22:00:00+0100,2310,1389
2015-12-02T22:00:00Z,2015-12-02T23:00:00+0100,2008,1314
2015-12-02T23:00:00Z,2015-12-03T00:00:00+0100,1917,1168
2015-12-03T00:00:00Z,2015-12-03T01:00:00+0100,1838,1158
2015-12-03T01:00:00Z,2015-12-03T02:00:00+0100,1789,1209
2015-12-03T02:00:00Z,2015-12-03T03:00:00+0100,1773,1231
2015-12-03T03:00:00Z,2015-12-03T04:00:00+0100,1687,1170
2015-12-03T04:00:00Z,2015-12-03T05:00:00+0100,1856,1205
2015-12-03T05:00:00Z,2015-12-03T06:00:00+0100,2044,1231
2015-12-03T06:00:00Z,2015-12-03T07:00:00+0100,2340,1260
2015-12-03T07:00:00Z,2015-12-03T08:00:00+0100,2513,1214
2015-12-03T08:00:00Z,2015-12-03T09:00:00+0100,2565,1226
2015-12-03T09:00:00Z,2015-12-03T10:00:00+0100,2519,1276
2015-12-03T10:00:00Z,2015-12-03T11:00:00+0100,2710,1456
2015-12-03T11:00:00Z,2015-12-03T12:00:00+0100,2932,1625
2015-12-03T12:00:00Z,2015-12-03T13:00:00+0100,2720,1705
2015-12-03T13:00:00Z,2015-12-03T14:00:00+0100,3178,1981
2015-12-03T14:00:00Z,2015-12-03T15:00:00+0100,3640,2092
2015-12-03T15:00:00Z,2015-12-03T16:00:00+0100,3768,2282
2015-12-03T16:00:00Z,2015-12-03T17:00:00+0100,3854,2674
2015-12-03T17:00:00Z,2015-12-03T18:00:00+0100,3883,2984
2015-12-03T18:00:00Z,2015-12-03T19:00:00+0100,3874,3160
2015-12-03T19:00:00Z,2015-12-03T20:00:00+0100,3777,3091
2015-12-03T20:00:00Z,2015-12-03T21:00:00+0100,3852,3006
2015-12-03T21:00:00Z,2015-12-03T22:00:00+0100,3741,2373
2015-12-03T22:00:00Z,2015-12-03T23:00:00+0100,3510,3563
2015-12-03T23:00:00Z,2015-12-04T00:00:00+0100,3501,3776
2015-12-04T00:00:00Z,2015-12-04T01:00:00+0100,3532,3996
2015-12-04T01:00:00Z,2015-12-04T02:00:00+0100,3684,4035
2015-12-04T02:00:00Z,2015-12-04T03:00:00+0100,3510,4361
2015-12-04T03:00:00Z,2015-12-04T04:00:00+0100,3237,4448
2015-12-04T04:00:00Z,2015-12-04T05:00:00+0100,3428,4354
2015-12-04T05:00:00Z,2015-12-04T06:00:00+0100,3310,4392
2015-12-04T06:00:00Z,2015-12-04T07:00:00+0100,3479,4121
2015-12-04T07:00:00Z,2015-12-04T08:00:00+0100,3384,4408
2015-12-04T08:00:00Z,2015-12-04T09:00:00+0100,3328,4519
2015-12-04T09:00:00Z,2015-12-04T10:00:00+0100,3381,4505
2015-12-04T10:00:00Z,2015-12-04T11:00:00+0100,3110,4621
2015-12-04T11:00:00Z,2015-12-04T12:00:00+0100,3346,4740
2015-12-04T12:00:00Z,2015-12-04T13:00:00+0100,3438,4811
2015-12-04T13:00:00Z,2015-12-04T14:00:00+0100,3520,4234
2015-12-04T14:00:00Z,2015-12-04T15:00:00+0100,3518,4629
2015-12-04T15:00:00Z,2015-12-04T16:00:00+0100,1592,3135
2015-12-04T16:00:00Z,2015-12-04T17:00:00+0100,3661,4546
2015-12-04T17:00:00Z,2015-12-04T18:00:00+0100,3454,4744
2015-12-04T18:00:00Z,2015-12-04T19:00:00+0100,3566,4958
2015-12-04T19:00:00Z,2015-12-04T20:00:00+0100,3450,4765
2015-12-04T20:00:00Z,2015-12-04T21:00:00+0100,3394,4553
2015-12-04T21:00:00Z,2015-12-04T22:00:00+0100,1653,3170
2015-12-04T22:00:00Z,2015-12-04T23:00:00+0100,3150,3950
2015-12-04T23:00:00Z,2015-12-05T00:00:00+0100,2671,3993
2015-12-05T00:00:00Z,2015-12-05T01:00:00+0100,3144,4002
2015-12-05T01:00:00Z,2015-12-05T02:00:00+0100,3090,4044
2015-12-05T02:00:00Z,2015-12-05T03:00:00+0100,3085,3747
2015-12-05T03:00:00Z,2015-12-05T04:00:00+0100,3086,3982
2015-12-05T04:00:00Z,2015-12-05T05:00:00+0100,3116,4395
2015-12-05T05:00:00Z,2015-12-05T06:00:00+0100,2887,4252
2015-12-05T06:00:00Z,2015-12-05T07:00:00+0100,3110,4208
2015-12-05T07:00:00Z,2015-12-05T08:00:00+0100,3132,4167
2015-12-05T08:00:00Z,2015-12-05T09:00:00+0100,3095,4578
2015-12-05T09:00:00Z,2015-12-05T10:00:00+0100,3088,4784
2015-12-05T10:00:00Z,2015-12-05T11:00:00+0100,3120,4960
2015-12-05T11:00:00Z,2015-12-05T12:00:00+0100,3116,4796
2015-12-05T12:00:00Z,2015-12-05T13:00:00+0100,3091,4732
2015-12-05T13:00:00Z,2015-12-05T14:00:00+0100,3046,4222
2015-12-05T14:00:00Z,2015-12-05T15:00:00+0100,3086,4644
2015-12-05T15:00:00Z,2015-12-05T16:00:00+0100,3101,4635
2015-12-05T16:00:00Z,2015-12-05T17:00:00+0100,3134,4284
2015-12-05T17:00:00Z,2015-12-05T18:00:00+0100,3151,4014
2015-12-05T18:00:00Z,2015-12-05T19:00:00+0100,3118,3632
2015-12-05T19:00:00Z,2015-12-05T20:00:00+0100,3112,3712
2015-12-05T20:00:00Z,2015-12-05T21:00:00+0100,3195,4048
2015-12-05T21:00:00Z,2015-12-05T22:00:00+0100,1740,3036
2015-12-05T22:00:00Z,2015-12-05T23:00:00+0100,182,2271
2015-12-05T23:00:00Z,2015-12-06T00:00:00+0100,187,2312
2015-12-06T00:00:00Z,2015-12-06T01:00:00+0100,3489,3990
2015-12-06T01:00:00Z,2015-12-06T02:00:00+0100,3582,3741
2015-12-06T02:00:00Z,2015-12-06T03:00:00+0100,3611,3522
2015-12-06T03:00:00Z,2015-12-06T04:00:00+0100,3424,3588
2015-12-06T04:00:00Z,2015-12-06T05:00:00+0100,3503,3620
2015-12-06T05:00:00Z,2015-12-06T06:00:00+0100,3471,3937
2015-12-06T06:00:00Z,2015-12-06T07:00:00+0100,3242,4063
2015-12-06T07:00:00Z,2015-12-06T08:00:00+0100,3406,4002
2015-12-06T08:00:00Z,2015-12-06T09:00:00+0100,3594,3848
2015-12-06T09:00:00Z,2015-12-06T10:00:00+0100,3582,4089
2015-12-06T10:00:00Z,2015-12-06T11:00:00+0100,3520,3964
2015-12-06T11:00:00Z,2015-12-06T12:00:00+0100,3365,3820
2015-12-06T12:00:00Z,2015-12-06T13:00:00+0100,3144,3411
2015-12-06T13:00:00Z,2015-12-06T14:00:00+0100,2956,3182
2015-12-06T14:00:00Z,2015-12-06T15:00:00+0100,2714,2901
2015-12-06T15:00:00Z,2015-12-06T16:00:00+0100,2381,2856
2015-12-06T16:00:00Z,2015-12-06T17:00:00+0100,2086,2970
2015-12-06T17:00:00Z,2015-12-06T18:00:00+0100,1787,2812
2015-12-06T18:00:00Z,2015-12-06T19:00:00+0100,1507,2484
2015-12-06T19:00:00Z,2015-12-06T20:00:00+0100,1550,2064
2015-12-06T20:00:00Z,2015-12-06T21:00:00+0100,1322,1556
2015-12-06T21:00:00Z,2015-12-06T22:00:00+0100,1040,1317
2015-12-06T22:00:00Z,2015-12-06T23:00:00+0100,979,1092
2015-12-06T23:00:00Z,2015-12-07T00:00:00+0100,1006,1058
2015-12-07T00:00:00Z,2015-12-07T01:00:00+0100,1150,1033
2015-12-07T01:00:00Z,2015-12-07T02:00:00+0100,1358,1070
2015-12-07T02:00:00Z,2015-12-07T03:00:00+0100,1506,1232
2015-12-07T03:00:00Z,2015-12-07T04:00:00+0100,1736,1516
2015-12-07T04:00:00Z,2015-12-07T05:00:00+0100,1655,2082
2015-12-07T05:00:00Z,2015-12-07T06:00:00+0100,1834,2751
2015-12-07T06:00:00Z,2015-12-07T07:00:00+0100,2267,3132
2015-12-07T07:00:00Z,2015-12-07T08:00:00+0100,2458,3495
2015-12-07T08:00:00Z,2015-12-07T09:00:00+0100,2516,3818
2015-12-07T09:00:00Z,2015-12-07T10:00:00+0100,2348,4024
2015-12-07T10:00:00Z,2015-12-07T11:00:00+0100,2295,4478
2015-12-07T11:00:00Z,2015-12-07T12:00:00+0100,2518,4454
2015-12-07T12:00:00Z,2015-12-07T13:00:00+0100,2370,4644
2015-12-07T13:00:00Z,2015-12-07T14:00:00+0100,2322,4881
2015-12-07T14:00:00Z,2015-12-07T15:00:00+0100,2244,4782
2015-12-07T15:00:00Z,2015-12-07T16:00:00+0100,2214,5006
2015-12-07T16:00:00Z,2015-12-07T17:00:00+0100,2312,5316
2015-12-07T17:00:00Z,2015-12-07T18:00:00+0100,2490,5466
2015-12-07T18:00:00Z,2015-12-07T19:00:00+0100,2934,5380
2015-12-07T19:00:00Z,2015-12-07T20:00:00+0100,3330,5178
2015-12-07T20:00:00Z,2015-12-07T21:00:00+0100,3448,5080
2015-12-07T21:00:00Z,2015-12-07T22:00:00+0100,3551,4667
2015-12-07T22:00:00Z,2015-12-07T23:00:00+0100,3602,4030
2015-12-07T23:00:00Z,2015-12-08T00:00:00+0100,3562,3552
2015-12-08T00:00:00Z,2015-12-08T01:00:00+0100,3482,3415
2015-12-08T01:00:00Z,2015-12-08T02:00:00+0100,3540,3350
2015-12-08T02:00:00Z,2015-12-08T03:00:00+0100,3494,3503
2015-12-08T03:00:00Z,2015-12-08T04:00:00+0100,3558,3693
2015-12-08T04:00:00Z,2015-12-08T05:00:00+0100,3560,3730
2015-12-08T05:00:00Z,2015-12-08T06:00:00+0100,3500,3722
2015-12-08T06:00:00Z,2015-12-08T07:00:00+0100,3542,3434
2015-12-08T07:00:00Z,2015-12-08T08:00:00+0100,3508,3798
2015-12-08T08:00:00Z,2015-12-08T09:00:00+0100,3555,4047
2015-12-08T09:00:00Z,2015-12-08T10:00:00+0100,3448,4016
2015-12-08T10:00:00Z,2015-12-08T11:00:00+0100,3482,4253
2015-12-08T11:00:00Z,2015-12-08T12:00:00+0100,3448,4363
2015-12-08T12:00:00Z,2015-12-08T13:00:00+0100,3336,4739
2015-12-08T13:00:00Z,2015-12-08T14:00:00+0100,3400,4818
2015-12-08T14:00:00Z,2015-12-08T15:00:00+0100,3436,4899
2015-12-08T15:00:00Z,2015-12-08T16:00:00+0100,3424,4829
2015-12-08T16:00:00Z,2015-12-08T17:00:00+0100,3366,4891
2015-12-08T17:00:00Z,2015-12-08T18:00:00+0100,3540,4718
2015-12-08T18:00:00Z,2015-12-08T19:00:00+0100,3486,4715
2015-12-08T19:00:00Z,2015-12-08T20:00:00+0100,3545,4875
2015-12-08T20:00:00Z,2015-12-08T21:00:00+0100,3577,4719
2015-12-08T21:00:00Z,2015-12-08T22:00:00+0100,3628,4328
2015-12-08T22:00:00Z,2015-12-08T23:00:00+0100,3515,4261
2015-12-08T23:00:00Z,2015-12-09T00:00:00+0100,3279,3813
2015-12-09T00:00:00Z,2015-12-09T01:00:00+0100,3224,3336
2015-12-09T01:00:00Z,2015-12-09T02:00:00+0100,3260,3397
2015-12-09T02:00:00Z,2015-12-09T03:00:00+0100,2662,3352
2015-12-09T03:00:00Z,2015-12-09T04:00:00+0100,2787,3490
2015-12-09T04:00:00Z,2015-12-09T05:00:00+0100,2323,3404
2015-12-09T05:00:00Z,2015-12-09T06:00:00+0100,2300,3361
2015-12-09T06:00:00Z,2015-12-09T07:00:00+0100,2286,3522
2015-12-09T07:00:00Z,2015-12-09T08:00:00+0100,2352,4274
2015-12-09T08:00:00Z,2015-12-09T09:00:00+0100,2774,4894
2015-12-09T09:00:00Z,2015-12-09T10:00:00+0100,2562,4688
2015-12-09T10:00:00Z,2015-12-09T11:00:00+0100,2724,4786
2015-12-09T11:00:00Z,2015-12-09T12:00:00+0100,2901,4974
2015-12-09T12:00:00Z,2015-12-09T13:00:00+0100,3084,5202
2015-12-09T13:00:00Z,2015-12-09T14:00:00+0100,3444,4712
2015-12-09T14:00:00Z,2015-12-09T15:00:00+0100,3269,4926
2015-12-09T15:00:00Z,2015-12-09T16:00:00+0100,3394,4528
2015-12-09T16:00:00Z,2015-12-09T17:00:00+0100,3526,4704
2015-12-09T17:00:00Z,2015-12-09T18:00:00+0100,3434,4831
2015-12-09T18:00:00Z,2015-12-09T19:00:00+0100,3240,4787
2015-12-09T19:00:00Z,2015-12-09T20:00:00+0100,3428,5352
2015-12-09T20:00:00Z,2015-12-09T21:00:00+0100,1670,3687
2015-12-09T21:00:00Z,2015-12-09T22:00:00+0100,3284,4680
2015-12-09T22:00:00Z,2015-12-09T23:00:00+0100,1838,3368
2015-12-09T23:00:00Z,2015-12-10T00:00:00+0100,3706,4506
2015-12-10T00:00:00Z,2015-12-10T01:00:00+0100,3742,4568
2015-12-10T01:00:00Z,2015-12-10T02:00:00+0100,3731,4632
2015-12-10T02:00:00Z,2015-12-10T03:00:00+0100,3732,4560
2015-12-10T03:00:00Z,2015-12-10T04:00:00+0100,3721,4550
2015-12-10T04:00:00Z,2015-12-10T05:00:00+0100,3712,4800
2015-12-10T05:00:00Z,2015-12-10T06:00:00+0100,3705,4620
2015-12-10T06:00:00Z,2015-12-10T07:00:00+0100,3702,4660
2015-12-10T07:00:00Z,2015-12-10T08:00:00+0100,3678,4834
2015-12-10T08:00:00Z,2015-12-10T09:00:00+0100,3621,5062
2015-12-10T09:00:00Z,2015-12-10T10:00:00+0100,3562,4954
2015-12-10T10:00:00Z,2015-12-10T11:00:00+0100,3283,4767
2015-12-10T11:00:00Z,2015-12-10T12:00:00+0100,3245,4792
2015-12-10T12:00:00Z,2015-12-10T13:00:00+0100,3260,4752
2015-12-10T13:00:00Z,2015-12-10T14:00:00+0100,3174,5029
2015-12-10T14:00:00Z,2015-12-10T15:00:00+0100,3029,4875
2015-12-10T15:00:00Z,2015-12-10T16:00:00+0100,2816,4527
2015-12-10T16:00:00Z,2015-12-10T17:00:00+0100,2854,4403
2015-12-10T17:00:00Z,2015-12-10T18:00:00+0100,2990,4264
2015-12-10T18:00:00Z,2015-12-10T19:00:00+0100,3075,4195
2015-12-10T19:00:00Z,2015-12-10T20:00:00+0100,3144,3952
2015-12-10T20:00:00Z,2015-12-10T21:00:00+0100,3160,3424
2015-12-10T21:00:00Z,2015-12-10T22:00:00+0100,2598,3224
2015-12-10T22:00:00Z,2015-12-10T23:00:00+0100,2156,3528
2015-12-10T23:00:00Z,2015-12-11T00:00:00+0100,2586,3741
2015-12-11T00:00:00Z,2015-12-11T01:00:00+0100,3029,3932
2015-12-11T01:00:00Z,2015-12-11T02:00:00+0100,3162,4033
2015-12-11T02:00:00Z,2015-12-11T03:00:00+0100,1696,2722
2015-12-11T03:00:00Z,2015-12-11T04:00:00+0100,3193,4076
2015-12-11T04:00:00Z,2015-12-11T05:00:00+0100,3251,4360
2015-12-11T05:00:00Z,2015-12-11T06:00:00+0100,3137,3952
2015-12-11T06:00:00Z,2015-12-11T07:00:00+0100,3130,4194
2015-12-11T07:00:00Z,2015-12-11T08:00:00+0100,2963,4326
2015-12-11T08:00:00Z,2015-12-11T09:00:00+0100,3254,4480
2015-12-11T09:00:00Z,2015-12-11T10:00:00+0100,1545,3121
2015-12-11T10:00:00Z,2015-12-11T11:00:00+0100,3026,4568
2015-12-11T11:00:00Z,2015-12-11T12:00:00+0100,3218,4578
2015-12-11T12:00:00Z,2015-12-11T13:00:00+0100,3224,4601
2015-12-11T13:00:00Z,2015-12-11T14:00:00+0100,3254,4726
2015-12-11T14:00:00Z,2015-12-11T15:00:00+0100,3168,4786
2015-12-11T15:00:00Z,2015-12-11T16:00:00+0100,3158,4722
2015-12-11T16:00:00Z,2015-12-11T17:00:00+0100,3318,4658
2015-12-11T17:00:00Z,2015-12-11T18:00:00+0100,3133,4878
2015-12-11T18:00:00Z,2015-12-11T19:00:00+0100,3083,4819
2015-12-11T19:00:00Z,2015-12-11T20:00:00+0100,1617,3161
2015-12-11T20:00:00Z,2015-12-11T21:00:00+0100,3402,4341
2015-12-11T21:00:00Z,2015-12-11T22:00:00+0100,3252,2432
2015-12-11T22:00:00Z,2015-12-11T23:00:00+0100,114,2601
2015-12-11T23:00:00Z,2015-12-12T00:00:00+0100,2928,3435
2015-12-12T00:00:00Z,2015-12-12T01:00:00+0100,2764,2988
2015-12-12T01:00:00Z,2015-12-12T02:00:00+0100,2212,2456
2015-12-12T02:00:00Z,2015-12-12T03:00:00+0100,1872,1868
2015-12-12T03:00:00Z,2015-12-12T04:00:00+0100,1332,1407
2015-12-12T04:00:00Z,2015-12-12T05:00:00+0100,1183,1114
2015-12-12T05:00:00Z,2015-12-12T06:00:00+0100,861,936
2015-12-12T06:00:00Z,2015-12-12T07:00:00+0100,810,913
2015-12-12T07:00:00Z,2015-12-12T08:00:00+0100,726,1048
2015-12-12T08:00:00Z,2015-12-12T09:00:00+0100,1174,1174
2015-12-12T09:00:00Z,2015-12-12T10:00:00+0100,2123,1255
2015-12-12T10:00:00Z,2015-12-12T11:00:00+0100,1712,1330
2015-12-12T11:00:00Z,2015-12-12T12:00:00+0100,2588,1590
2015-12-12T12:00:00Z,2015-12-12T13:00:00+0100,3339,1618
2015-12-12T13:00:00Z,2015-12-12T14:00:00+0100,3000,1702
2015-12-12T14:00:00Z,2015-12-12T15:00:00+0100,3682,2052
2015-12-12T15:00:00Z,2015-12-12T16:00:00+0100,3590,1986
2015-12-12T16:00:00Z,2015-12-12T17:00:00+0100,3372,1946
2015-12-12T17:00:00Z,2015-12-12T18:00:00+0100,3127,1982
2015-12-12T18:00:00Z,2015-12-12T19:00:00+0100,2971,1874
2015-12-12T19:00:00Z,2015-12-12T20:00:00+0100,143,962
2015-12-12T20:00:00Z,2015-12-12T21:00:00+0100,1510,1292
2015-12-12T21:00:00Z,2015-12-12T22:00:00+0100,1433,1046
2015-12-12T22:00:00Z,2015-12-12T23:00:00+0100,2388,1086
2015-12-12T23:00:00Z,2015-12-13T00:00:00+0100,2052,982
2015-12-13T00:00:00Z,2015-12-13T01:00:00+0100,1510,888
2015-12-13T01:00:00Z,2015-12-13T02:00:00+0100,992,826
2015-12-13T02:00:00Z,2015-12-13T03:00:00+0100,603,749
2015-12-13T03:00:00Z,2015-12-13T04:00:00+0100,510,719
2015-12-13T04:00:00Z,2015-12-13T05:00:00+0100,389,698
2015-12-13T05:00:00Z,2015-12-13T06:00:00+0100,200,538
2015-12-13T06:00:00Z,2015-12-13T07:00:00+0100,292,678
2015-12-13T07:00:00Z,2015-12-13T08:00:00+0100,185,622
2015-12-13T08:00:00Z,2015-12-13T09:00:00+0100,204,674
2015-12-13T09:00:00Z,2015-12-13T10:00:00+0100,284,698
2015-12-13T10:00:00Z,2015-12-13T11:00:00+0100,398,769
2015-12-13T11:00:00Z,2015-12-13T12:00:00+0100,527,862
2015-12-13T12:00:00Z,2015-12-13T13:00:00+0100,649,879
2015-12-13T13:00:00Z,2015-12-13T14:00:00+0100,772,956
2015-12-13T14:00:00Z,2015-12-13T15:00:00+0100,929,1016
2015-12-13T15:00:00Z,2015-12-13T16:00:00+0100,958,1091
2015-12-13T16:00:00Z,2015-12-13T17:00:00+0100,924,1171
2015-12-13T17:00:00Z,2015-12-13T18:00:00+0100,940,1209
2015-12-13T18:00:00Z,2015-12-13T19:00:00+0100,899,1222
2015-12-13T19:00:00Z,2015-12-13T20:00:00+0100,836,1178
2015-12-13T20:00:00Z,2015-12-13T21:00:00+0100,736,1149
2015-12-13T21:00:00Z,2015-12-13T22:00:00+0100,678,1132
2015-12-13T22:00:00Z,2015-12-13T23:00:00+0100,715,1114
2015-12-13T23:00:00Z,2015-12-14T00:00:00+0100,716,1060
2015-12-14T00:00:00Z,2015-12-14T01:00:00+0100,708,1082
2015-12-14T01:00:00Z,2015-12-14T02:00:00+0100,888,1144
2015-12-14T02:00:00Z,2015-12-14T03:00:00+0100,1012,1200
2015-12-14T03:00:00Z,2015-12-14T04:00:00+0100,1094,1261
2015-12-14T04:00:00Z,2015-12-14T05:00:00+0100,957,1157
2015-12-14T05:00:00Z,2015-12-14T06:00:00+0100,1118,1257
2015-12-14T06:00:00Z,2015-12-14T07:00:00+0100,1050,1064
2015-12-14T07:00:00Z,2015-12-14T08:00:00+0100,1062,937
2015-12-14T08:00:00Z,2015-12-14T09:00:00+0100,833,890
2015-12-14T09:00:00Z,2015-12-14T10:00:00+0100,904,908
2015-12-14T10:00:00Z,2015-12-14T11:00:00+0100,888,899
2015-12-14T11:00:00Z,2015-12-14T12:00:00+0100,720,896
2015-12-14T12:00:00Z,2015-12-14T13:00:00+0100,605,860
2015-12-14T13:00:00Z,2015-12-14T14:00:00+0100,668,876
2015-12-14T14:00:00Z,2015-12-14T15:00:00+0100,684,968
2015-12-14T15:00:00Z,2015-12-14T16:00:00+0100,857,1089
2015-12-14T16:00:00Z,2015-12-14T17:00:00+0100,854,1244
2015-12-14T17:00:00Z,2015-12-14T18:00:00+0100,862,1450
2015-12-14T18:00:00Z,2015-12-14T19:00:00+0100,912,1594
2015-12-14T19:00:00Z,2015-12-14T20:00:00+0100,870,1682
2015-12-14T20:00:00Z,2015-12-14T21:00:00+0100,793,1792
2015-12-14T21:00:00Z,2015-12-14T22:00:00+0100,772,1864
2015-12-14T22:00:00Z,2015-12-14T23:00:00+0100,686,1952
2015-12-14T23:00:00Z,2015-12-15T00:00:00+0100,608,1976
2015-12-15T00:00:00Z,2015-12-15T01:00:00+0100,568,1982
2015-12-15T01:00:00Z,2015-12-15T02:00:00+0100,553,1986
2015-12-15T02:00:00Z,2015-12-15T03:00:00+0100,596,2034
2015-12-15T03:00:00Z,2015-12-15T04:00:00+0100,545,2058
2015-12-15T04:00:00Z,2015-12-15T05:00:00+0100,652,2187
2015-12-15T05:00:00Z,2015-12-15T06:00:00+0100,794,2326
2015-12-15T06:00:00Z,2015-12-15T07:00:00+0100,872,2340
2015-12-15T07:00:00Z,2015-12-15T08:00:00+0100,482,1618
2015-12-15T08:00:00Z,2015-12-15T09:00:00+0100,1079,2442
2015-12-15T09:00:00Z,2015-12-15T10:00:00+0100,1364,2752
2015-12-15T10:00:00Z,2015-12-15T11:00:00+0100,1902,3009
2015-12-15T11:00:00Z,2015-12-15T12:00:00+0100,1774,2892
2015-12-15T12:00:00Z,2015-12-15T13:00:00+0100,2208,3288
2015-12-15T13:00:00Z,2015-12-15T14:00:00+0100,2209,3223
2015-12-15T14:00:00Z,2015-12-15T15:00:00+0100,2884,3751
2015-12-15T15:00:00Z,2015-12-15T16:00:00+0100,2974,3958
2015-12-15T16:00:00Z,2015-12-15T17:00:00+0100,2914,4120
2015-12-15T17:00:00Z,2015-12-15T18:00:00+0100,2927,4348
2015-12-15T18:00:00Z,2015-12-15T19:00:00+0100,3006,4366
2015-12-15T19:00:00Z,2015-12-15T20:00:00+0100,3030,4416
2015-12-15T20:00:00Z,2015-12-15T21:00:00+0100,3072,4130
2015-12-15T21:00:00Z,2015-12-15T22:00:00+0100,1537,2810
2015-12-15T22:00:00Z,2015-12-15T23:00:00+0100,124,1581
2015-12-15T23:00:00Z,2015-12-16T00:00:00+0100,2699,4054
2015-12-16T00:00:00Z,2015-12-16T01:00:00+0100,2934,4058
2015-12-16T01:00:00Z,2015-12-16T02:00:00+0100,3060,3904
2015-12-16T02:00:00Z,2015-12-16T03:00:00+0100,2998,3863
2015-12-16T03:00:00Z,2015-12-16T04:00:00+0100,3184,3426
2015-12-16T04:00:00Z,2015-12-16T05:00:00+0100,3138,3063
2015-12-16T05:00:00Z,2015-12-16T06:00:00+0100,3100,2814
2015-12-16T06:00:00Z,2015-12-16T07:00:00+0100,3264,2819
2015-12-16T07:00:00Z,2015-12-16T08:00:00+0100,3320,2500
2015-12-16T08:00:00Z,2015-12-16T09:00:00+0100,3374,2452
2015-12-16T09:00:00Z,2015-12-16T10:00:00+0100,3468,2482
2015-12-16T10:00:00Z,2015-12-16T11:00:00+0100,3440,2684
2015-12-16T11:00:00Z,2015-12-16T12:00:00+0100,3405,2956
2015-12-16T12:00:00Z,2015-12-16T13:00:00+0100,3262,3121
2015-12-16T13:00:00Z,2015-12-16T14:00:00+0100,3042,3100
2015-12-16T14:00:00Z,2015-12-16T15:00:00+0100,3148,3023
2015-12-16T15:00:00Z,2015-12-16T16:00:00+0100,3124,2994
2015-12-16T16:00:00Z,2015-12-16T17:00:00+0100,3041,2581
2015-12-16T17:00:00Z,2015-12-16T18:00:00+0100,2869,2440
2015-12-16T18:00:00Z,2015-12-16T19:00:00+0100,2954,2448
2015-12-16T19:00:00Z,2015-12-16T20:00:00+0100,3082,2928
2015-12-16T20:00:00Z,2015-12-16T21:00:00+0100,2772,3374
2015-12-16T21:00:00Z,2015-12-16T22:00:00+0100,2737,3924
2015-12-16T22:00:00Z,2015-12-16T23:00:00+0100,2756,3942
2015-12-16T23:00:00Z,2015-12-17T00:00:00+0100,2656,3876
2015-12-17T00:00:00Z,2015-12-17T01:00:00+0100,2563,4326
2015-12-17T01:00:00Z,2015-12-17T02:00:00+0100,2886,4566
2015-12-17T02:00:00Z,2015-12-17T03:00:00+0100,3222,4864
2015-12-17T03:00:00Z,2015-12-17T04:00:00+0100,3472,4906
2015-12-17T04:00:00Z,2015-12-17T05:00:00+0100,3402,4926
2015-12-17T05:00:00Z,2015-12-17T06:00:00+0100,3542,5070
2015-12-17T06:00:00Z,2015-12-17T07:00:00+0100,3594,5242
2015-12-17T07:00:00Z,2015-12-17T08:00:00+0100,3497,5230
2015-12-17T08:00:00Z,2015-12-17T09:00:00+0100,143,1833
2015-12-17T09:00:00Z,2015-12-17T10:00:00+0100,1678,3598
2015-12-17T10:00:00Z,2015-12-17T11:00:00+0100,3573,4954
2015-12-17T11:00:00Z,2015-12-17T12:00:00+0100,3640,4939
2015-12-17T12:00:00Z,2015-12-17T13:00:00+0100,3583,4539
2015-12-17T13:00:00Z,2015-12-17T14:00:00+0100,3567,4148
2015-12-17T14:00:00Z,2015-12-17T15:00:00+0100,3510,4186
2015-12-17T15:00:00Z,2015-12-17T16:00:00+0100,3546,4240
2015-12-17T16:00:00Z,2015-12-17T17:00:00+0100,3622,4250
2015-12-17T17:00:00Z,2015-12-17T18:00:00+0100,3542,4398
2015-12-17T18:00:00Z,2015-12-17T19:00:00+0100,3464,4677
2015-12-17T19:00:00Z,2015-12-17T20:00:00+0100,3492,4819
2015-12-17T20:00:00Z,2015-12-17T21:00:00+0100,3353,4752
2015-12-17T21:00:00Z,2015-12-17T22:00:00+0100,3442,4544
2015-12-17T22:00:00Z,2015-12-17T23:00:00+0100,3455,4446
2015-12-17T23:00:00Z,2015-12-18T00:00:00+0100,3378,4434
2015-12-18T00:00:00Z,2015-12-18T01:00:00+0100,3288,4269
2015-12-18T01:00:00Z,2015-12-18T02:00:00+0100,3253,4130
2015-12-18T02:00:00Z,2015-12-18T03:00:00+0100,3258,4222
2015-12-18T03:00:00Z,2015-12-18T04:00:00+0100,3328,4470
2015-12-18T04:00:00Z,2015-12-18T05:00:00+0100,3138,4330
2015-12-18T05:00:00Z,2015-12-18T06:00:00+0100,2906,3840
2015-12-18T06:00:00Z,2015-12-18T07:00:00+0100,2962,4027
2015-12-18T07:00:00Z,2015-12-18T08:00:00+0100,2620,4282
2015-12-18T08:00:00Z,2015-12-18T09:00:00+0100,2436,4334
2015-12-18T09:00:00Z,2015-12-18T10:00:00+0100,2806,4360
2015-12-18T10:00:00Z,2015-12-18T11:00:00+0100,2889,4360
2015-12-18T11:00:00Z,2015-12-18T12:00:00+0100,3006,4612
2015-12-18T12:00:00Z,2015-12-18T13:00:00+0100,2820,4782
2015-12-18T13:00:00Z,2015-12-18T14:00:00+0100,2864,4673
2015-12-18T14:00:00Z,2015-12-18T15:00:00+0100,3098,4525
2015-12-18T15:00:00Z,2015-12-18T16:00:00+0100,3052,4801
2015-12-18T16:00:00Z,2015-12-18T17:00:00+0100,3152,5072
2015-12-18T17:00:00Z,2015-12-18T18:00:00+0100,3294,4960
2015-12-18T18:00:00Z,2015-12-18T19:00:00+0100,3368,4960
2015-12-18T19:00:00Z,2015-12-18T20:00:00+0100,3409,4809
2015-12-18T20:00:00Z,2015-12-18T21:00:00+0100,3362,4896
2015-12-18T21:00:00Z,2015-12-18T22:00:00+0100,3283,4092
2015-12-18T22:00:00Z,2015-12-18T23:00:00+0100,3138,4091
2015-12-18T23:00:00Z,2015-12-19T00:00:00+0100,3101,4408
2015-12-19T00:00:00Z,2015-12-19T01:00:00+0100,3382,4177
2015-12-19T01:00:00Z,2015-12-19T02:00:00+0100,3266,4101
2015-12-19T02:00:00Z,2015-12-19T03:00:00+0100,3635,4004
2015-12-19T03:00:00Z,2015-12-19T04:00:00+0100,3406,3820
2015-12-19T04:00:00Z,2015-12-19T05:00:00+0100,3679,4040
2015-12-19T05:00:00Z,2015-12-19T06:00:00+0100,3751,4328
2015-12-19T06:00:00Z,2015-12-19T07:00:00+0100,3708,4383
2015-12-19T07:00:00Z,2015-12-19T08:00:00+0100,3757,4377
2015-12-19T08:00:00Z,2015-12-19T09:00:00+0100,3803,4824
2015-12-19T09:00:00Z,2015-12-19T10:00:00+0100,3768,5054
2015-12-19T10:00:00Z,2015-12-19T11:00:00+0100,3356,4590
2015-12-19T11:00:00Z,2015-12-19T12:00:00+0100,3393,5095
2015-12-19T12:00:00Z,2015-12-19T13:00:00+0100,3803,5214
2015-12-19T13:00:00Z,2015-12-19T14:00:00+0100,3764,5064
2015-12-19T14:00:00Z,2015-12-19T15:00:00+0100,3808,4891
2015-12-19T15:00:00Z,2015-12-19T16:00:00+0100,3735,4533
2015-12-19T16:00:00Z,2015-12-19T17:00:00+0100,3761,4857
2015-12-19T17:00:00Z,2015-12-19T18:00:00+0100,3791,5080
2015-12-19T18:00:00Z,2015-12-19T19:00:00+0100,3684,4981
2015-12-19T19:00:00Z,2015-12-19T20:00:00+0100,3600,4492
2015-12-19T20:00:00Z,2015-12-19T21:00:00+0100,3634,4324
2015-12-19T21:00:00Z,2015-12-19T22:00:00+0100,3365,4072
2015-12-19T22:00:00Z,2015-12-19T23:00:00+0100,3260,3898
2015-12-19T23:00:00Z,2015-12-20T00:00:00+0100,3286,3546
2015-12-20T00:00:00Z,2015-12-20T01:00:00+0100,3299,3090
2015-12-20T01:00:00Z,2015-12-20T02:00:00+0100,3556,3184
2015-12-20T02:00:00Z,2015-12-20T03:00:00+0100,3428,3486
2015-12-20T03:00:00Z,2015-12-20T04:00:00+0100,3692,3417
2015-12-20T04:00:00Z,2015-12-20T05:00:00+0100,3596,3620
2015-12-20T05:00:00Z,2015-12-20T06:00:00+0100,3573,3805
2015-12-20T06:00:00Z,2015-12-20T07:00:00+0100,3598,4169
2015-12-20T07:00:00Z,2015-12-20T08:00:00+0100,3636,4292
2015-12-20T08:00:00Z,2015-12-20T09:00:00+0100,3545,2705
2015-12-20T09:00:00Z,2015-12-20T10:00:00+0100,3536,4298
2015-12-20T10:00:00Z,2015-12-20T11:00:00+0100,3138,4422
2015-12-20T11:00:00Z,2015-12-20T12:00:00+0100,3585,4777
2015-12-20T12:00:00Z,2015-12-20T13:00:00+0100,3658,4917
2015-12-20T13:00:00Z,2015-12-20T14:00:00+0100,3576,5010
2015-12-20T14:00:00Z,2015-12-20T15:00:00+0100,3308,4711
2015-12-20T15:00:00Z,2015-12-20T16:00:00+0100,3430,4812
2015-12-20T16:00:00Z,2015-12-20T17:00:00+0100,3648,5006
2015-12-20T17:00:00Z,2015-12-20T18:00:00+0100,3656,5011
2015-12-20T18:00:00Z,2015-12-20T19:00:00+0100,3566,4930
2015-12-20T19:00:00Z,2015-12-20T20:00:00+0100,3594,4489
2015-12-20T20:00:00Z,2015-12-20T21:00:00+0100,3602,4203
2015-12-20T21:00:00Z,2015-12-20T22:00:00+0100,1870,2876
2015-12-20T22:00:00Z,2015-12-20T23:00:00+0100,142,1805
2015-12-20T23:00:00Z,2015-12-21T00:00:00+0100,1665,2937
2015-12-21T00:00:00Z,2015-12-21T01:00:00+0100,3587,3692
2015-12-21T01:00:00Z,2015-12-21T02:00:00+0100,3674,3498
2015-12-21T02:00:00Z,2015-12-21T03:00:00+0100,3421,3270
2015-12-21T03:00:00Z,2015-12-21T04:00:00+0100,3484,3258
2015-12-21T04:00:00Z,2015-12-21T05:00:00+0100,3465,3032
2015-12-21T05:00:00Z,2015-12-21T06:00:00+0100,3558,3283
2015-12-21T06:00:00Z,2015-12-21T07:00:00+0100,3574,4207
2015-12-21T07:00:00Z,2015-12-21T08:00:00+0100,3633,4626
2015-12-21T08:00:00Z,2015-12-21T09:00:00+0100,3736,4834
2015-12-21T09:00:00Z,2015-12-21T10:00:00+0100,3763,5087
2015-12-21T10:00:00Z,2015-12-21T11:00:00+0100,3746,5326
2015-12-21T11:00:00Z,2015-12-21T12:00:00+0100,3798,5554
2015-12-21T12:00:00Z,2015-12-21T13:00:00+0100,3547,5533
2015-12-21T13:00:00Z,2015-12-21T14:00:00+0100,3355,5642
2015-12-21T14:00:00Z,2015-12-21T15:00:00+0100,3795,5756
2015-12-21T15:00:00Z,2015-12-21T16:00:00+0100,3786,5684
2015-12-21T16:00:00Z,2015-12-21T17:00:00+0100,1997,3989
2015-12-21T17:00:00Z,2015-12-21T18:00:00+0100,3586,5611
2015-12-21T18:00:00Z,2015-12-21T19:00:00+0100,3644,5040
2015-12-21T19:00:00Z,2015-12-21T20:00:00+0100,3591,5134
2015-12-21T20:00:00Z,2015-12-21T21:00:00+0100,1811,3067
2015-12-21T21:00:00Z,2015-12-21T22:00:00+0100,3412,4294
2015-12-21T22:00:00Z,2015-12-21T23:00:00+0100,3062,4098
2015-12-21T23:00:00Z,2015-12-22T00:00:00+0100,3030,3868
2015-12-22T00:00:00Z,2015-12-22T01:00:00+0100,3366,3892
2015-12-22T01:00:00Z,2015-12-22T02:00:00+0100,3564,4143
2015-12-22T02:00:00Z,2015-12-22T03:00:00+0100,3673,3938
2015-12-22T03:00:00Z,2015-12-22T04:00:00+0100,3650,4140
2015-12-22T04:00:00Z,2015-12-22T05:00:00+0100,3751,4258
2015-12-22T05:00:00Z,2015-12-22T06:00:00+0100,3153,4097
2015-12-22T06:00:00Z,2015-12-22T07:00:00+0100,3283,4297
2015-12-22T07:00:00Z,2015-12-22T08:00:00+0100,3344,4692
2015-12-22T08:00:00Z,2015-12-22T09:00:00+0100,3527,5053
2015-12-22T09:00:00Z,2015-12-22T10:00:00+0100,1991,3788
2015-12-22T10:00:00Z,2015-12-22T11:00:00+0100,3815,5281
2015-12-22T11:00:00Z,2015-12-22T12:00:00+0100,3738,5364
2015-12-22T12:00:00Z,2015-12-22T13:00:00+0100,3739,5660
2015-12-22T13:00:00Z,2015-12-22T14:00:00+0100,3786,5514
2015-12-22T14:00:00Z,2015-12-22T15:00:00+0100,3705,5335
2015-12-22T15:00:00Z,2015-12-22T16:00:00+0100,1920,3622
2015-12-22T16:00:00Z,2015-12-22T17:00:00+0100,3655,5194
2015-12-22T17:00:00Z,2015-12-22T18:00:00+0100,3442,5146
2015-12-22T18:00:00Z,2015-12-22T19:00:00+0100,3411,5041
2015-12-22T19:00:00Z,2015-12-22T20:00:00+0100,3478,5185
2015-12-22T20:00:00Z,2015-12-22T21:00:00+0100,3481,4973
2015-12-22T21:00:00Z,2015-12-22T22:00:00+0100,3543,4492
2015-12-22T22:00:00Z,2015-12-22T23:00:00+0100,1762,3219
2015-12-22T23:00:00Z,2015-12-23T00:00:00+0100,3450,4369
2015-12-23T00:00:00Z,2015-12-23T01:00:00+0100,3656,4220
2015-12-23T01:00:00Z,2015-12-23T02:00:00+0100,1932,2921
2015-12-23T02:00:00Z,2015-12-23T03:00:00+0100,1934,2877
2015-12-23T03:00:00Z,2015-12-23T04:00:00+0100,3758,4008
2015-12-23T04:00:00Z,2015-12-23T05:00:00+0100,3623,3992
2015-12-23T05:00:00Z,2015-12-23T06:00:00+0100,3662,3984
2015-12-23T06:00:00Z,2015-12-23T07:00:00+0100,3711,4295
2015-12-23T07:00:00Z,2015-12-23T08:00:00+0100,3698,4538
2015-12-23T08:00:00Z,2015-12-23T09:00:00+0100,3678,4898
2015-12-23T09:00:00Z,2015-12-23T10:00:00+0100,1879,3554
2015-12-23T10:00:00Z,2015-12-23T11:00:00+0100,3666,5144
2015-12-23T11:00:00Z,2015-12-23T12:00:00+0100,3566,5145
2015-12-23T12:00:00Z,2015-12-23T13:00:00+0100,3302,5102
2015-12-23T13:00:00Z,2015-12-23T14:00:00+0100,3079,4990
2015-12-23T14:00:00Z,2015-12-23T15:00:00+0100,2940,4708
2015-12-23T15:00:00Z,2015-12-23T16:00:00+0100,2902,4632
2015-12-23T16:00:00Z,2015-12-23T17:00:00+0100,2786,4498
2015-12-23T17:00:00Z,2015-12-23T18:00:00+0100,3140,4912
2015-12-23T18:00:00Z,2015-12-23T19:00:00+0100,3200,5030
2015-12-23T19:00:00Z,2015-12-23T20:00:00+0100,1884,2800
2015-12-23T20:00:00Z,2015-12-23T21:00:00+0100,3632,4615
2015-12-23T21:00:00Z,2015-12-23T22:00:00+0100,3617,4365
2015-12-23T22:00:00Z,2015-12-23T23:00:00+0100,3630,2985
2015-12-23T23:00:00Z,2015-12-24T00:00:00+0100,3404,4028
2015-12-24T00:00:00Z,2015-12-24T01:00:00+0100,3634,3436
2015-12-24T01:00:00Z,2015-12-24T02:00:00+0100,3712,3478
2015-12-24T02:00:00Z,2015-12-24T03:00:00+0100,3621,3436
2015-12-24T03:00:00Z,2015-12-24T04:00:00+0100,3656,3640
2015-12-24T04:00:00Z,2015-12-24T05:00:00+0100,1917,3080
2015-12-24T05:00:00Z,2015-12-24T06:00:00+0100,3598,4226
2015-12-24T06:00:00Z,2015-12-24T07:00:00+0100,3687,4146
2015-12-24T07:00:00Z,2015-12-24T08:00:00+0100,3612,4659
2015-12-24T08:00:00Z,2015-12-24T09:00:00+0100,3364,4257
2015-12-24T09:00:00Z,2015-12-24T10:00:00+0100,3775,4710
2015-12-24T10:00:00Z,2015-12-24T11:00:00+0100,3537,4966
2015-12-24T11:00:00Z,2015-12-24T12:00:00+0100,3703,5315
2015-12-24T12:00:00Z,2015-12-24T13:00:00+0100,3456,5112
2015-12-24T13:00:00Z,2015-12-24T14:00:00+0100,3698,5136
2015-12-24T14:00:00Z,2015-12-24T15:00:00+0100,3758,5034
2015-12-24T15:00:00Z,2015-12-24T16:00:00+0100,3724,5034
2015-12-24T16:00:00Z,2015-12-24T17:00:00+0100,3682,5148
2015-12-24T17:00:00Z,2015-12-24T18:00:00+0100,3592,5116
2015-12-24T18:00:00Z,2015-12-24T19:00:00+0100,3362,5144
2015-12-24T19:00:00Z,2015-12-24T20:00:00+0100,3403,4982
2015-12-24T20:00:00Z,2015-12-24T21:00:00+0100,3556,4416
2015-12-24T21:00:00Z,2015-12-24T22:00:00+0100,3544,4416
2015-12-24T22:00:00Z,2015-12-24T23:00:00+0100,145,1868
2015-12-24T23:00:00Z,2015-12-25T00:00:00+0100,3046,4388
2015-12-25T00:00:00Z,2015-12-25T01:00:00+0100,3341,3764
2015-12-25T01:00:00Z,2015-12-25T02:00:00+0100,2765,3630
2015-12-25T02:00:00Z,2015-12-25T03:00:00+0100,2810,3467
2015-12-25T03:00:00Z,2015-12-25T04:00:00+0100,2745,3545
2015-12-25T04:00:00Z,2015-12-25T05:00:00+0100,1265,2447
2015-12-25T05:00:00Z,2015-12-25T06:00:00+0100,2059,3054
2015-12-25T06:00:00Z,2015-12-25T07:00:00+0100,1668,3060
2015-12-25T07:00:00Z,2015-12-25T08:00:00+0100,1564,2907
2015-12-25T08:00:00Z,2015-12-25T09:00:00+0100,1742,2473
2015-12-25T09:00:00Z,2015-12-25T10:00:00+0100,2027,2050
2015-12-25T10:00:00Z,2015-12-25T11:00:00+0100,2186,1688
2015-12-25T11:00:00Z,2015-12-25T12:00:00+0100,2210,1560
2015-12-25T12:00:00Z,2015-12-25T13:00:00+0100,2338,1474
2015-12-25T13:00:00Z,2015-12-25T14:00:00+0100,3096,1350
2015-12-25T14:00:00Z,2015-12-25T15:00:00+0100,3358,1531
2015-12-25T15:00:00Z,2015-12-25T16:00:00+0100,3279,1905
2015-12-25T16:00:00Z,2015-12-25T17:00:00+0100,3251,2056
2015-12-25T17:00:00Z,2015-12-25T18:00:00+0100,3548,2416
2015-12-25T18:00:00Z,2015-12-25T19:00:00+0100,3704,2668
2015-12-25T19:00:00Z,2015-12-25T20:00:00+0100,3718,2592
2015-12-25T20:00:00Z,2015-12-25T21:00:00+0100,3722,2591
2015-12-25T21:00:00Z,2015-12-25T22:00:00+0100,3654,2577
2015-12-25T22:00:00Z,2015-12-25T23:00:00+0100,1914,2605
2015-12-25T23:00:00Z,2015-12-26T00:00:00+0100,3239,2722
2015-12-26T00:00:00Z,2015-12-26T01:00:00+0100,3678,3094
2015-12-26T01:00:00Z,2015-12-26T02:00:00+0100,3634,3225
2015-12-26T02:00:00Z,2015-12-26T03:00:00+0100,3530,3084
2015-12-26T03:00:00Z,2015-12-26T04:00:00+0100,3472,2650
2015-12-26T04:00:00Z,2015-12-26T05:00:00+0100,3128,2882
2015-12-26T05:00:00Z,2015-12-26T06:00:00+0100,3248,2760
2015-12-26T06:00:00Z,2015-12-26T07:00:00+0100,3390,2835
2015-12-26T07:00:00Z,2015-12-26T08:00:00+0100,3380,2812
2015-12-26T08:00:00Z,2015-12-26T09:00:00+0100,3154,2998
2015-12-26T09:00:00Z,2015-12-26T10:00:00+0100,3080,3560
2015-12-26T10:00:00Z,2015-12-26T11:00:00+0100,2986,4068
2015-12-26T11:00:00Z,2015-12-26T12:00:00+0100,2902,4202
2015-12-26T12:00:00Z,2015-12-26T13:00:00+0100,2961,4412
2015-12-26T13:00:00Z,2015-12-26T14:00:00+0100,2957,4506
2015-12-26T14:00:00Z,2015-12-26T15:00:00+0100,3524,3649
2015-12-26T15:00:00Z,2015-12-26T16:00:00+0100,3504,4220
2015-12-26T16:00:00Z,2015-12-26T17:00:00+0100,3491,3694
2015-12-26T17:00:00Z,2015-12-26T18:00:00+0100,3208,3772
2015-12-26T18:00:00Z,2015-12-26T19:00:00+0100,3542,3662
2015-12-26T19:00:00Z,2015-12-26T20:00:00+0100,3560,2782
2015-12-26T20:00:00Z,2015-12-26T21:00:00+0100,1779,1750
2015-12-26T21:00:00Z,2015-12-26T22:00:00+0100,154,2905
2015-12-26T22:00:00Z,2015-12-26T23:00:00+0100,3648,3970
2015-12-26T23:00:00Z,2015-12-27T00:00:00+0100,3104,3799
2015-12-27T00:00:00Z,2015-12-27T01:00:00+0100,3464,3417
2015-12-27T01:00:00Z,2015-12-27T02:00:00+0100,3408,3272
2015-12-27T02:00:00Z,2015-12-27T03:00:00+0100,2962,2926
2015-12-27T03:00:00Z,2015-12-27T04:00:00+0100,2545,2809
2015-12-27T04:00:00Z,2015-12-27T05:00:00+0100,2419,2414
2015-12-27T05:00:00Z,2015-12-27T06:00:00+0100,2258,2118
2015-12-27T06:00:00Z,2015-12-27T07:00:00+0100,2060,1888
2015-12-27T07:00:00Z,2015-12-27T08:00:00+0100,1978,1631
2015-12-27T08:00:00Z,2015-12-27T09:00:00+0100,1976,1392
2015-12-27T09:00:00Z,2015-12-27T10:00:00+0100,1876,1037
2015-12-27T10:00:00Z,2015-12-27T11:00:00+0100,1855,974
2015-12-27T11:00:00Z,2015-12-27T12:00:00+0100,1890,1158
2015-12-27T12:00:00Z,2015-12-27T13:00:00+0100,1842,1270
2015-12-27T13:00:00Z,2015-12-27T14:00:00+0100,1794,1363
2015-12-27T14:00:00Z,2015-12-27T15:00:00+0100,1732,1449
2015-12-27T15:00:00Z,2015-12-27T16:00:00+0100,1706,1898
2015-12-27T16:00:00Z,2015-12-27T17:00:00+0100,1770,2275
2015-12-27T17:00:00Z,2015-12-27T18:00:00+0100,1666,2572
2015-12-27T18:00:00Z,2015-12-27T19:00:00+0100,1644,2924
2015-12-27T19:00:00Z,2015-12-27T20:00:00+0100,1558,3152
2015-12-27T20:00:00Z,2015-12-27T21:00:00+0100,1436,3608
2015-12-27T21:00:00Z,2015-12-27T22:00:00+0100,1557,3644
2015-12-27T22:00:00Z,2015-12-27T23:00:00+0100,1466,3640
2015-12-27T23:00:00Z,2015-12-28T00:00:00+0100,1784,3641
2015-12-28T00:00:00Z,2015-12-28T01:00:00+0100,1988,3468
2015-12-28T01:00:00Z,2015-12-28T02:00:00+0100,1932,3724
2015-12-28T02:00:00Z,2015-12-28T03:00:00+0100,1784,3972
2015-12-28T03:00:00Z,2015-12-28T04:00:00+0100,2438,4154
2015-12-28T04:00:00Z,2015-12-28T05:00:00+0100,1814,4200
2015-12-28T05:00:00Z,2015-12-28T06:00:00+0100,2021,4216
2015-12-28T06:00:00Z,2015-12-28T07:00:00+0100,2312,4326
2015-12-28T07:00:00Z,2015-12-28T08:00:00+0100,2792,4268
2015-12-28T08:00:00Z,2015-12-28T09:00:00+0100,2856,3057
2015-12-28T09:00:00Z,2015-12-28T10:00:00+0100,3148,4736
2015-12-28T10:00:00Z,2015-12-28T11:00:00+0100,3413,5176
2015-12-28T11:00:00Z,2015-12-28T12:00:00+0100,3332,5205
2015-12-28T12:00:00Z,2015-12-28T13:00:00+0100,3314,5084
2015-12-28T13:00:00Z,2015-12-28T14:00:00+0100,3079,5184
2015-12-28T14:00:00Z,2015-12-28T15:00:00+0100,3076,5064
2015-12-28T15:00:00Z,2015-12-28T16:00:00+0100,3095,5101
2015-12-28T16:00:00Z,2015-12-28T17:00:00+0100,3176,5186
2015-12-28T17:00:00Z,2015-12-28T18:00:00+0100,3495,5252
2015-12-28T18:00:00Z,2015-12-28T19:00:00+0100,3575,5182
2015-12-28T19:00:00Z,2015-12-28T20:00:00+0100,3616,5148
2015-12-28T20:00:00Z,2015-12-28T21:00:00+0100,3594,5208
2015-12-28T21:00:00Z,2015-12-28T22:00:00+0100,3506,4940
2015-12-28T22:00:00Z,2015-12-28T23:00:00+0100,3483,4548
2015-12-28T23:00:00Z,2015-12-29T00:00:00+0100,3512,4503
2015-12-29T00:00:00Z,2015-12-29T01:00:00+0100,3426,4422
2015-12-29T01:00:00Z,2015-12-29T02:00:00+0100,3480,4324
2015-12-29T02:00:00Z,2015-12-29T03:00:00+0100,1779,3048
2015-12-29T03:00:00Z,2015-12-29T04:00:00+0100,3420,4178
2015-12-29T04:00:00Z,2015-12-29T05:00:00+0100,3226,4040
2015-12-29T05:00:00Z,2015-12-29T06:00:00+0100,3190,4688
2015-12-29T06:00:00Z,2015-12-29T07:00:00+0100,2935,4029
2015-12-29T07:00:00Z,2015-12-29T08:00:00+0100,2740,3890
2015-12-29T08:00:00Z,2015-12-29T09:00:00+0100,2538,3668
2015-12-29T09:00:00Z,2015-12-29T10:00:00+0100,2198,3690
2015-12-29T10:00:00Z,2015-12-29T11:00:00+0100,2550,4270
2015-12-29T11:00:00Z,2015-12-29T12:00:00+0100,2382,4119
2015-12-29T12:00:00Z,2015-12-29T13:00:00+0100,2282,4376
2015-12-29T13:00:00Z,2015-12-29T14:00:00+0100,2203,4610
2015-12-29T14:00:00Z,2015-12-29T15:00:00+0100,2515,4444
2015-12-29T15:00:00Z,2015-12-29T16:00:00+0100,2787,4679
2015-12-29T16:00:00Z,2015-12-29T17:00:00+0100,2441,4944
2015-12-29T17:00:00Z,2015-12-29T18:00:00+0100,2914,5458
2015-12-29T18:00:00Z,2015-12-29T19:00:00+0100,2886,5202
2015-12-29T19:00:00Z,2015-12-29T20:00:00+0100,3304,5012
2015-12-29T20:00:00Z,2015-12-29T21:00:00+0100,3496,4674
2015-12-29T21:00:00Z,2015-12-29T22:00:00+0100,3548,4237
2015-12-29T22:00:00Z,2015-12-29T23:00:00+0100,3574,4104
2015-12-29T23:00:00Z,2015-12-30T00:00:00+0100,3592,4093
2015-12-30T00:00:00Z,2015-12-30T01:00:00+0100,3480,3874
2015-12-30T01:00:00Z,2015-12-30T02:00:00+0100,3726,3910
2015-12-30T02:00:00Z,2015-12-30T03:00:00+0100,3756,4002
2015-12-30T03:00:00Z,2015-12-30T04:00:00+0100,3736,4432
2015-12-30T04:00:00Z,2015-12-30T05:00:00+0100,3810,3793
2015-12-30T05:00:00Z,2015-12-30T06:00:00+0100,3783,4248
2015-12-30T06:00:00Z,2015-12-30T07:00:00+0100,3720,4963
2015-12-30T07:00:00Z,2015-12-30T08:00:00+0100,3818,5260
2015-12-30T08:00:00Z,2015-12-30T09:00:00+0100,3537,3549
2015-12-30T09:00:00Z,2015-12-30T10:00:00+0100,3405,5666
2015-12-30T10:00:00Z,2015-12-30T11:00:00+0100,3628,6032
2015-12-30T11:00:00Z,2015-12-30T12:00:00+0100,3791,5991
2015-12-30T12:00:00Z,2015-12-30T13:00:00+0100,3792,5721
2015-12-30T13:00:00Z,2015-12-30T14:00:00+0100,3694,5542
2015-12-30T14:00:00Z,2015-12-30T15:00:00+0100,3644,5236
2015-12-30T15:00:00Z,2015-12-30T16:00:00+0100,3742,4585
2015-12-30T16:00:00Z,2015-12-30T17:00:00+0100,3472,3370
2015-12-30T17:00:00Z,2015-12-30T18:00:00+0100,2966,2194
2015-12-30T18:00:00Z,2015-12-30T19:00:00+0100,2930,1688
2015-12-30T19:00:00Z,2015-12-30T20:00:00+0100,2948,1460
2015-12-30T20:00:00Z,2015-12-30T21:00:00+0100,2960,1371
2015-12-30T21:00:00Z,2015-12-30T22:00:00+0100,3026,1431
2015-12-30T22:00:00Z,2015-12-30T23:00:00+0100,3016,1177
2015-12-30T23:00:00Z,2015-12-31T00:00:00+0100,2598,1548
2015-12-31T00:00:00Z,2015-12-31T01:00:00+0100,3146,1436
2015-12-31T01:00:00Z,2015-12-31T02:00:00+0100,3338,1504
2015-12-31T02:00:00Z,2015-12-31T03:00:00+0100,3339,1591
2015-12-31T03:00:00Z,2015-12-31T04:00:00+0100,3592,1705
2015-12-31T04:00:00Z,2015-12-31T05:00:00+0100,3724,1860
2015-12-31T05:00:00Z,2015-12-31T06:00:00+0100,3839,2026
2015-12-31T06:00:00Z,2015-12-31T07:00:00+0100,3840,2170
2015-12-31T07:00:00Z,2015-12-31T08:00:00+0100,3853,2278
2015-12-31T08:00:00Z,2015-12-31T09:00:00+0100,3870,2168
2015-12-31T09:00:00Z,2015-12-31T10:00:00+0100,3748,3005
2015-12-31T10:00:00Z,2015-12-31T11:00:00+0100,3366,2667
2015-12-31T11:00:00Z,2015-12-31T12:00:00+0100,3492,3240
2015-12-31T12:00:00Z,2015-12-31T13:00:00+0100,3303,3339
2015-12-31T13:00:00Z,2015-12-31T14:00:00+0100,3504,3821
2015-12-31T14:00:00Z,2015-12-31T15:00:00+0100,3643,4153
2015-12-31T15:00:00Z,2015-12-31T16:00:00+0100,3764,4272
2015-12-31T16:00:00Z,2015-12-31T17:00:00+0100,3863,4472
2015-12-31T17:00:00Z,2015-12-31T18:00:00+0100,3864,4732
2015-12-31T18:00:00Z,2015-12-31T19:00:00+0100,3660,4900
2015-12-31T19:00:00Z,2015-12-31T20:00:00+0100,3784,5033
2015-12-31T20:00:00Z,2015-12-31T21:00:00+0100,1857,3357
2015-12-31T21:00:00Z,2015-12-31T22:00:00+0100,3639,4456
2015-12-31T22:00:00Z,2015-12-31T23:00:00+0100,3242,4087